date,venue_name,race_no,race_type,weather,wind_dir,wind_ms,wave_cm,rank,waku,reg_no,name,motor_no,boat_no,exhibition_time,course_enter,st_timing,race_time,won3,won3_pay,won3_pop,won2,won2_pay,won2_pop,trio,trio_pay,trio_pop,pair,pair_pay,pair_pop,lap_time,turn_time,straight_time,lap_rank,turn_rank,straight_rank,exhibition_eval
20250915,下関,1,一般,晴,南西,3,3,1,2,3081,岡 本 慎 治,64,73,6.72,2,0.03,1.50.1,2-3-4,2510,9,2-3,970,4,2-3-4,1210,5,2-3,520,3,,,,,,,
20250915,下関,1,一般,晴,南西,3,3,2,3,5039,倉 田 茂 将,32,42,6.88,3,0.08,1.51.8,2-3-4,2510,9,2-3,970,4,2-3-4,1210,5,2-3,520,3,,,,,,,
20250915,下関,1,一般,晴,南西,3,3,3,4,4229,市 川 美 宏,67,70,6.75,4,0.09,1.53.1,2-3-4,2510,9,2-3,970,4,2-3-4,1210,5,2-3,520,3,,,,,,,
20250915,下関,1,一般,晴,南西,3,3,4,1,4778,堤 啓 輔,43,11,6.77,1,0.06,1.54.0,2-3-4,2510,9,2-3,970,4,2-3-4,1210,5,2-3,520,3,,,,,,,
20250915,下関,1,一般,晴,南西,3,3,5,6,5382,山 下 心 一,47,20,6.70,6,0.11,,2-3-4,2510,9,2-3,970,4,2-3-4,1210,5,2-3,520,3,,,,,,,
20250915,下関,1,一般,晴,南西,3,3,6,5,3652,森 下 勇,38,29,6.83,5,0.13,,2-3-4,2510,9,2-3,970,4,2-3-4,1210,5,2-3,520,3,,,,,,,
20250915,下関,2,一般,晴,北西,2,2,1,1,4723,寺 島 吉 彦,35,56,6.74,1,0.15,1.50.2,1-2-6,3140,10,1-2,450,2,1-2-6,1360,6,1-2,380,2,,,,,,,
20250915,下関,2,一般,晴,北西,2,2,2,2,3747,國 崎 良 春,20,44,6.83,2,0.16,1.51.5,1-2-6,3140,10,1-2,450,2,1-2-6,1360,6,1-2,380,2,,,,,,,
20250915,下関,2,一般,晴,北西,2,2,3,6,3054,北 川 幸 典,63,65,6.80,6,0.12,1.52.7,1-2-6,3140,10,1-2,450,2,1-2-6,1360,6,1-2,380,2,,,,,,,
20250915,下関,2,一般,晴,北西,2,2,4,3,5207,高 山 敬 悟,39,33,6.78,3,0.15,1.53.2,1-2-6,3140,10,1-2,450,2,1-2-6,1360,6,1-2,380,2,,,,,,,
20250915,下関,2,一般,晴,北西,2,2,5,5,3463,乙 津 康 志,56,63,6.78,5,0.15,,1-2-6,3140,10,1-2,450,2,1-2-6,1360,6,1-2,380,2,,,,,,,
20250915,下関,2,一般,晴,北西,2,2,6,4,3647,伊 藤 雄 二,33,69,6.79,4,0.23,,1-2-6,3140,10,1-2,450,2,1-2-6,1360,6,1-2,380,2,,,,,,,
20250915,下関,3,一般,晴,北西,2,2,1,5,5051,松 本 純 平,34,13,6.77,2,0.23,1.49.5,5-6-2,2300,6,5-6,380,1,2-5-6,1020,4,5-6,500,3,,,,,,,
20250915,下関,3,一般,晴,北西,2,2,2,6,3349,吉 田 一 郎,53,43,6.88,3,0.22,1.51.3,5-6-2,2300,6,5-6,380,1,2-5-6,1020,4,5-6,500,3,,,,,,,
20250915,下関,3,一般,晴,北西,2,2,3,2,5270,小 玉 啓 太,31,24,6.82,4,0.18,1.53.1,5-6-2,2300,6,5-6,380,1,2-5-6,1020,4,5-6,500,3,,,,,,,
20250915,下関,3,一般,晴,北西,2,2,4,3,4822,百 武 翔,13,47,6.85,5,0.20,1.53.8,5-6-2,2300,6,5-6,380,1,2-5-6,1020,4,5-6,500,3,,,,,,,
20250915,下関,3,一般,晴,北西,2,2,5,4,3906,飯 山 晃 三,46,23,6.86,6,0.19,,5-6-2,2300,6,5-6,380,1,2-5-6,1020,4,5-6,500,3,,,,,,,
20250915,下関,3,一般,晴,北西,2,2,6,1,4129,宇 野 博 之,73,57,6.84,1,0.26,,5-6-2,2300,6,5-6,380,1,2-5-6,1020,4,5-6,500,3,,,,,,,
20250915,下関,4,一般,晴,北西,3,3,1,1,4516,野 口 勝 弘,14,66,6.68,1,0.14,1.50.4,1-6-3,3310,11,1-6,1820,6,1-3-6,730,4,1-6,1630,5,,,,,,,
20250915,下関,4,一般,晴,北西,3,3,2,6,3161,古 場 輝 義,71,35,6.83,4,0.12,1.51.9,1-6-3,3310,11,1-6,1820,6,1-3-6,730,4,1-6,1630,5,,,,,,,
20250915,下関,4,一般,晴,北西,3,3,3,3,4640,山ノ内 雅 人,59,31,6.82,3,0.13,1.53.4,1-6-3,3310,11,1-6,1820,6,1-3-6,730,4,1-6,1630,5,,,,,,,
20250915,下関,4,一般,晴,北西,3,3,4,4,4436,渋 谷 明 憲,40,12,6.76,5,0.11,1.54.2,1-6-3,3310,11,1-6,1820,6,1-3-6,730,4,1-6,1630,5,,,,,,,
20250915,下関,4,一般,晴,北西,3,3,5,2,5263,花 田 凱 成,12,71,6.76,2,0.07,,1-6-3,3310,11,1-6,1820,6,1-3-6,730,4,1-6,1630,5,,,,,,,
20250915,下関,4,一般,晴,北西,3,3,6,5,5409,宮 本 琉 正,25,68,6.79,6,0.08,,1-6-3,3310,11,1-6,1820,6,1-3-6,730,4,1-6,1630,5,,,,,,,
20250915,下関,5,シーモ 戦,晴,北,3,3,1,4,3584,佐々木 英 樹,30,72,6.80,4,0.12,1.50.0,4-1-2,22210,50,4-1,4180,10,1-2-4,870,4,1-4,1270,5,,,,,,,
20250915,下関,5,シーモ 戦,晴,北,3,3,2,1,4857,加 藤 翔 馬,23,28,6.82,1,0.19,1.51.6,4-1-2,22210,50,4-1,4180,10,1-2-4,870,4,1-4,1270,5,,,,,,,
20250915,下関,5,シーモ 戦,晴,北,3,3,3,2,4133,高 橋 正 男,60,36,6.83,2,0.18,1.53.2,4-1-2,22210,50,4-1,4180,10,1-2-4,870,4,1-4,1270,5,,,,,,,
20250915,下関,5,シーモ 戦,晴,北,3,3,4,6,4471,新 田 泰 章,61,15,6.80,6,0.16,1.53.5,4-1-2,22210,50,4-1,4180,10,1-2-4,870,4,1-4,1270,5,,,,,,,
20250915,下関,5,シーモ 戦,晴,北,3,3,5,5,4910,中 村 泰 平,19,22,6.81,5,0.17,,4-1-2,22210,50,4-1,4180,10,1-2-4,870,4,1-4,1270,5,,,,,,,
20250915,下関,5,シーモ 戦,晴,北,3,3,6,3,4896,花 本 剛,54,27,6.86,3,0.19,,4-1-2,22210,50,4-1,4180,10,1-2-4,870,4,1-4,1270,5,,,,,,,
20250915,下関,6,一般,晴,北西,1,1,1,1,3543,福 田 雅 一,55,21,6.84,1,0.02,1.50.3,1-4-6,2570,9,1-4,460,2,1-4-6,930,2,1-4,320,2,,,,,,,
20250915,下関,6,一般,晴,北西,1,1,2,4,3849,中 岡 正 彦,65,40,6.84,4,0.02,1.51.6,1-4-6,2570,9,1-4,460,2,1-4-6,930,2,1-4,320,2,,,,,,,
20250915,下関,6,一般,晴,北西,1,1,3,6,3081,岡 本 慎 治,64,73,6.82,5,0.05,1.52.8,1-4-6,2570,9,1-4,460,2,1-4-6,930,2,1-4,320,2,,,,,,,
20250915,下関,6,一般,晴,北西,1,1,4,3,5196,鰐 部 太空海,16,30,6.81,3,0.04,1.54.1,1-4-6,2570,9,1-4,460,2,1-4-6,930,2,1-4,320,2,,,,,,,
20250915,下関,6,一般,晴,北西,1,1,5,2,3827,今 泉 徹,21,52,6.84,2,0.03,,1-4-6,2570,9,1-4,460,2,1-4-6,930,2,1-4,320,2,,,,,,,
20250915,下関,6,一般,晴,北西,1,1,6,5,3790,佐 口 達 也,44,67,6.90,6,0.05,,1-4-6,2570,9,1-4,460,2,1-4-6,930,2,1-4,320,2,,,,,,,
20250915,下関,7,ふく～る 戦,晴,北,1,1,1,1,4424,松 尾 昂 明,57,58,6.75,1,0.13,1.56.0,1-6-5,10700,27,1-6,1430,5,1-5-6,3110,11,1-6,1240,4,,,,,,,
20250915,下関,7,ふく～る 戦,晴,北,1,1,2,6,3711,江 本 真 治,37,49,6.90,6,0.21,1.59.3,1-6-5,10700,27,1-6,1430,5,1-5-6,3110,11,1-6,1240,4,,,,,,,
20250915,下関,7,ふく～る 戦,晴,北,1,1,3,5,3054,北 川 幸 典,63,65,6.81,5,0.23,2.01.6,1-6-5,10700,27,1-6,1430,5,1-5-6,3110,11,1-6,1240,4,,,,,,,
20250915,下関,7,ふく～る 戦,晴,北,1,1,4,2,5027,重 冨 勇 哉,72,54,6.79,2,0.15,2.05.7,1-6-5,10700,27,1-6,1430,5,1-5-6,3110,11,1-6,1240,4,,,,,,,
20250915,下関,7,ふく～る 戦,晴,北,1,1,5,4,3747,國 崎 良 春,20,44,6.82,4,0.19,,1-6-5,10700,27,1-6,1430,5,1-5-6,3110,11,1-6,1240,4,,,,,,,
20250915,下関,7,ふく～る 戦,晴,北,1,1,S1,3,4543,重 木 輝 彦,52,14,6.86,3,0.18,,1-6-5,10700,27,1-6,1430,5,1-5-6,3110,11,1-6,1240,4,,,,,,,
20250915,下関,8,一般 進入固定,晴,北西,2,2,1,1,4467,渡 邉 俊 介,42,61,6.77,1,0.09,1.49.6,1-3-5,3130,14,1-3,1410,7,1-3-5,1150,6,1-3,710,4,,,,,,,
20250915,下関,8,一般 進入固定,晴,北西,2,2,2,3,3539,金 子 順 一,49,25,6.80,3,0.16,1.52.2,1-3-5,3130,14,1-3,1410,7,1-3-5,1150,6,1-3,710,4,,,,,,,
20250915,下関,8,一般 進入固定,晴,北西,2,2,3,5,4989,石 原 翼,18,38,6.83,5,0.13,1.54.6,1-3-5,3130,14,1-3,1410,7,1-3-5,1150,6,1-3,710,4,,,,,,,
20250915,下関,8,一般 進入固定,晴,北西,2,2,4,2,4598,加 藤 政 彦,26,60,6.86,2,0.12,1.56.8,1-3-5,3130,14,1-3,1410,7,1-3-5,1150,6,1-3,710,4,,,,,,,
20250915,下関,8,一般 進入固定,晴,北西,2,2,5,6,5409,宮 本 琉 正,25,68,6.88,6,0.14,,1-3-5,3130,14,1-3,1410,7,1-3-5,1150,6,1-3,710,4,,,,,,,
20250915,下関,8,一般 進入固定,晴,北西,2,2,6,4,3898,平 田 忠 則,22,17,6.87,4,0.19,,1-3-5,3130,14,1-3,1410,7,1-3-5,1150,6,1-3,710,4,,,,,,,
20250915,下関,9,準優勝戦,晴,南西,1,1,1,4,5207,高 山 敬 悟,39,33,6.80,4,0.01,1.49.3,4-5-6,20450,38,4-5,5520,11,4-5-6,7980,14,4-5,3040,6,,,,,,,
20250915,下関,9,準優勝戦,晴,南西,1,1,2,5,4822,百 武 翔,13,47,6.87,5,0.11,1.50.1,4-5-6,20450,38,4-5,5520,11,4-5-6,7980,14,4-5,3040,6,,,,,,,
20250915,下関,9,準優勝戦,晴,南西,1,1,3,6,4133,高 橋 正 男,60,36,6.86,6,0.08,1.52.3,4-5-6,20450,38,4-5,5520,11,4-5-6,7980,14,4-5,3040,6,,,,,,,
20250915,下関,9,準優勝戦,晴,南西,1,1,4,3,4516,野 口 勝 弘,14,66,6.79,3,0.16,1.53.1,4-5-6,20450,38,4-5,5520,11,4-5-6,7980,14,4-5,3040,6,,,,,,,
20250915,下関,9,準優勝戦,晴,南西,1,1,5,1,4910,中 村 泰 平,19,22,6.81,1,0.13,,4-5-6,20450,38,4-5,5520,11,4-5-6,7980,14,4-5,3040,6,,,,,,,
20250915,下関,9,準優勝戦,晴,南西,1,1,6,2,3349,吉 田 一 郎,53,43,6.85,2,0.14,,4-5-6,20450,38,4-5,5520,11,4-5-6,7980,14,4-5,3040,6,,,,,,,
20250915,下関,10,準優勝戦,晴,南西,2,2,1,1,3849,中 岡 正 彦,65,40,6.79,1,0.08,1.49.8,1-4-2,2320,7,1-4,980,4,1-2-4,540,2,1-4,610,3,,,,,,,
20250915,下関,10,準優勝戦,晴,南西,2,2,2,4,5039,倉 田 茂 将,32,42,6.83,4,0.08,1.51.0,1-4-2,2320,7,1-4,980,4,1-2-4,540,2,1-4,610,3,,,,,,,
20250915,下関,10,準優勝戦,晴,南西,2,2,3,2,4857,加 藤 翔 馬,23,28,6.82,2,0.15,1.51.7,1-4-2,2320,7,1-4,980,4,1-2-4,540,2,1-4,610,3,,,,,,,
20250915,下関,10,準優勝戦,晴,南西,2,2,4,5,4640,山ノ内 雅 人,59,31,6.88,5,0.09,1.53.7,1-4-2,2320,7,1-4,980,4,1-2-4,540,2,1-4,610,3,,,,,,,
20250915,下関,10,準優勝戦,晴,南西,2,2,5,6,3543,福 田 雅 一,55,21,6.83,6,0.13,,1-4-2,2320,7,1-4,980,4,1-2-4,540,2,1-4,610,3,,,,,,,
20250915,下関,10,準優勝戦,晴,南西,2,2,6,3,4436,渋 谷 明 憲,40,12,6.79,3,0.10,,1-4-2,2320,7,1-4,980,4,1-2-4,540,2,1-4,610,3,,,,,,,
20250915,下関,11,準優勝戦,晴,南西,1,1,1,1,5051,松 本 純 平,34,13,6.72,1,0.06,1.49.2,1-4-2,1490,7,1-4,510,3,1-2-4,620,4,1-4,490,3,,,,,,,
20250915,下関,11,準優勝戦,晴,南西,1,1,2,4,5196,鰐 部 太空海,16,30,6.76,4,0.09,1.51.0,1-4-2,1490,7,1-4,510,3,1-2-4,620,4,1-4,490,3,,,,,,,
20250915,下関,11,準優勝戦,晴,南西,1,1,3,2,3711,江 本 真 治,37,49,6.87,2,0.07,1.52.7,1-4-2,1490,7,1-4,510,3,1-2-4,620,4,1-4,490,3,,,,,,,
20250915,下関,11,準優勝戦,晴,南西,1,1,4,5,4543,重 木 輝 彦,52,14,6.86,5,0.09,1.53.3,1-4-2,1490,7,1-4,510,3,1-2-4,620,4,1-4,490,3,,,,,,,
20250915,下関,11,準優勝戦,晴,南西,1,1,5,3,4471,新 田 泰 章,61,15,6.82,3,0.09,,1-4-2,1490,7,1-4,510,3,1-2-4,620,4,1-4,490,3,,,,,,,
20250915,下関,11,準優勝戦,晴,南西,1,1,6,6,4723,寺 島 吉 彦,35,56,6.76,6,0.09,,1-4-2,1490,7,1-4,510,3,1-2-4,620,4,1-4,490,3,,,,,,,
20250915,下関,12,一般,晴,東,2,2,1,1,4598,加 藤 政 彦,26,60,6.84,1,0.09,1.50.5,1-2-3,1830,6,1-2,780,4,1-2-3,630,3,1-2,690,3,,,,,,,
20250915,下関,12,一般,晴,東,2,2,2,2,4129,宇 野 博 之,73,57,6.86,2,0.13,1.51.3,1-2-3,1830,6,1-2,780,4,1-2-3,630,3,1-2,690,3,,,,,,,
20250915,下関,12,一般,晴,東,2,2,3,3,4424,松 尾 昂 明,57,58,6.75,3,0.11,1.52.0,1-2-3,1830,6,1-2,780,4,1-2-3,630,3,1-2,690,3,,,,,,,
20250915,下関,12,一般,晴,東,2,2,4,4,4467,渡 邉 俊 介,42,61,6.81,4,0.11,1.53.7,1-2-3,1830,6,1-2,780,4,1-2-3,630,3,1-2,690,3,,,,,,,
20250915,下関,12,一般,晴,東,2,2,5,6,4778,堤 啓 輔,43,11,6.84,5,0.17,,1-2-3,1830,6,1-2,780,4,1-2-3,630,3,1-2,690,3,,,,,,,
20250915,下関,12,一般,晴,東,2,2,6,5,5382,山 下 心 一,47,20,6.79,6,0.12,,1-2-3,1830,6,1-2,780,4,1-2-3,630,3,1-2,690,3,,,,,,,
20250915,丸亀,1,予選,晴,西,2,2,1,1,3878,胡 本 悟 志,63,63,7.01,1,0.08,1.51.7,1-2-3,1900,5,1-2,850,3,1-2-3,590,2,1-2,470,2,,,,,,,
20250915,丸亀,1,予選,晴,西,2,2,2,2,4899,占 部 一 真,65,20,7.04,2,0.11,1.53.0,1-2-3,1900,5,1-2,850,3,1-2-3,590,2,1-2,470,2,,,,,,,
20250915,丸亀,1,予選,晴,西,2,2,3,3,4138,中 井 俊 祐,59,46,6.98,3,0.18,1.53.8,1-2-3,1900,5,1-2,850,3,1-2-3,590,2,1-2,470,2,,,,,,,
20250915,丸亀,1,予選,晴,西,2,2,4,4,4728,山 口 亮,4,22,7.02,4,0.16,1.54.6,1-2-3,1900,5,1-2,850,3,1-2-3,590,2,1-2,470,2,,,,,,,
20250915,丸亀,1,予選,晴,西,2,2,5,5,4034,西 原 明 生,58,59,6.93,5,0.21,1.56.3,1-2-3,1900,5,1-2,850,3,1-2-3,590,2,1-2,470,2,,,,,,,
20250915,丸亀,1,予選,晴,西,2,2,6,6,4893,渡 邉 真奈美,33,45,6.94,6,0.22,1.58.6,1-2-3,1900,5,1-2,850,3,1-2-3,590,2,1-2,470,2,,,,,,,
20250915,丸亀,2,予選,晴,北西,2,2,1,3,3516,吉 原 聖 人,32,27,7.01,3,0.13,1.51.3,3-2-5,3430,14,3-2,2050,8,2-3-5,290,1,2-3,280,1,,,,,,,
20250915,丸亀,2,予選,晴,北西,2,2,2,2,4348,宮 崎 奨,40,21,6.98,2,0.16,1.52.4,3-2-5,3430,14,3-2,2050,8,2-3-5,290,1,2-3,280,1,,,,,,,
20250915,丸亀,2,予選,晴,北西,2,2,3,5,4381,田 路 朋 史,2,14,6.90,5,0.11,1.54.9,3-2-5,3430,14,3-2,2050,8,2-3-5,290,1,2-3,280,1,,,,,,,
20250915,丸亀,2,予選,晴,北西,2,2,4,4,5326,三 嶌 さらら,47,61,6.91,4,0.16,1.55.6,3-2-5,3430,14,3-2,2050,8,2-3-5,290,1,2-3,280,1,,,,,,,
20250915,丸亀,2,予選,晴,北西,2,2,5,6,4615,板 倉 敦 史,36,29,6.95,6,0.19,1.55.6,3-2-5,3430,14,3-2,2050,8,2-3-5,290,1,2-3,280,1,,,,,,,
20250915,丸亀,2,予選,晴,北西,2,2,6,1,5117,冨名腰 桃 奈,6,66,6.97,1,0.32,1.57.6,3-2-5,3430,14,3-2,2050,8,2-3-5,290,1,2-3,280,1,,,,,,,
20250915,丸亀,3,予選,晴,西,2,2,1,1,4995,田 邉 亮 蔵,61,15,6.93,1,0.18,1.51.8,1-3-2,2280,5,1-3,1700,7,1-2-3,690,3,1-3,780,4,,,,,,,
20250915,丸亀,3,予選,晴,西,2,2,2,3,4372,原 田 佑 実,41,54,6.93,3,0.11,1.52.1,1-3-2,2280,5,1-3,1700,7,1-2-3,690,3,1-3,780,4,,,,,,,
20250915,丸亀,3,予選,晴,西,2,2,3,2,4102,益 田 啓 司,29,11,6.91,2,0.14,1.54.5,1-3-2,2280,5,1-3,1700,7,1-2-3,690,3,1-3,780,4,,,,,,,
20250915,丸亀,3,予選,晴,西,2,2,4,6,4864,小 川 日紀太,30,1,6.93,6,0.10,1.54.9,1-3-2,2280,5,1-3,1700,7,1-2-3,690,3,1-3,780,4,,,,,,,
20250915,丸亀,3,予選,晴,西,2,2,5,4,3713,伊 藤 誠 二,31,26,6.96,4,0.09,1.57.0,1-3-2,2280,5,1-3,1700,7,1-2-3,690,3,1-3,780,4,,,,,,,
20250915,丸亀,3,予選,晴,西,2,2,6,5,4496,内 堀 学,64,9,6.92,5,0.11,1.57.4,1-3-2,2280,5,1-3,1700,7,1-2-3,690,3,1-3,780,4,,,,,,,
20250915,丸亀,4,予選,晴,西,3,3,1,1,4714,喜多須 杏 奈,7,13,6.87,1,0.11,1.51.3,1-4-3,4680,18,1-4,610,2,1-3-4,1070,5,1-4,360,2,,,,,,,
20250915,丸亀,4,予選,晴,西,3,3,2,4,4826,井 上 一 輝,11,31,6.95,4,0.09,1.52.6,1-4-3,4680,18,1-4,610,2,1-3-4,1070,5,1-4,360,2,,,,,,,
20250915,丸亀,4,予選,晴,西,3,3,3,3,3687,花 田 和 明,23,10,6.94,3,0.11,1.54.2,1-4-3,4680,18,1-4,610,2,1-3-4,1070,5,1-4,360,2,,,,,,,
20250915,丸亀,4,予選,晴,西,3,3,4,2,4894,原 村 拓 也,45,55,6.90,2,0.18,1.54.6,1-4-3,4680,18,1-4,610,2,1-3-4,1070,5,1-4,360,2,,,,,,,
20250915,丸亀,4,予選,晴,西,3,3,5,6,3499,市 川 哲 也,27,16,6.96,6,0.13,1.56.1,1-4-3,4680,18,1-4,610,2,1-3-4,1070,5,1-4,360,2,,,,,,,
20250915,丸亀,4,予選,晴,西,3,3,6,5,4718,北 川 太 一,34,38,6.88,5,0.11,1.56.1,1-4-3,4680,18,1-4,610,2,1-3-4,1070,5,1-4,360,2,,,,,,,
20250915,丸亀,5,予選,晴,西,2,2,1,1,4728,山 口 亮,4,22,7.00,1,0.13,1.51.7,1-4-5,1920,3,1-4,1060,3,1-4-5,360,1,1-4,600,2,,,,,,,
20250915,丸亀,5,予選,晴,西,2,2,2,4,4314,青 木 幸太郎,44,34,6.95,4,0.12,1.52.8,1-4-5,1920,3,1-4,1060,3,1-4-5,360,1,1-4,600,2,,,,,,,
20250915,丸亀,5,予選,晴,西,2,2,3,5,3822,平 尾 崇 典,46,35,6.90,5,0.11,1.53.9,1-4-5,1920,3,1-4,1060,3,1-4-5,360,1,1-4,600,2,,,,,,,
20250915,丸亀,5,予選,晴,西,2,2,4,3,4247,齊 藤 優,37,30,6.91,3,0.07,1.54.8,1-4-5,1920,3,1-4,1060,3,1-4-5,360,1,1-4,600,2,,,,,,,
20250915,丸亀,5,予選,晴,西,2,2,5,2,5065,伊久間 陽 優,25,36,6.88,2,0.08,1.56.6,1-4-5,1920,3,1-4,1060,3,1-4-5,360,1,1-4,600,2,,,,,,,
20250915,丸亀,5,予選,晴,西,2,2,6,6,3901,松 田 憲 幸,26,39,6.95,6,0.34,1.58.4,1-4-5,1920,3,1-4,1060,3,1-4-5,360,1,1-4,600,2,,,,,,,
20250915,丸亀,6,かけうどん６,晴,西,2,2,1,1,4627,藤 原 菜 希,3,64,6.90,1,0.12,1.50.6,1-2-5,6030,20,1-2,890,3,1-2-5,2820,9,1-2,330,2,,,,,,,
20250915,丸亀,6,かけうどん６,晴,西,2,2,2,2,4138,中 井 俊 祐,59,46,6.93,2,0.18,1.52.5,1-2-5,6030,20,1-2,890,3,1-2-5,2820,9,1-2,330,2,,,,,,,
20250915,丸亀,6,かけうどん６,晴,西,2,2,3,5,5124,上 瀧 絢 也,24,41,6.95,5,0.20,1.53.9,1-2-5,6030,20,1-2,890,3,1-2-5,2820,9,1-2,330,2,,,,,,,
20250915,丸亀,6,かけうどん６,晴,西,2,2,4,6,3841,佐々木 和 伸,57,18,6.89,6,0.22,1.54.5,1-2-5,6030,20,1-2,890,3,1-2-5,2820,9,1-2,330,2,,,,,,,
20250915,丸亀,6,かけうどん６,晴,西,2,2,5,3,4653,小 野 達 哉,28,24,6.89,3,0.13,1.54.6,1-2-5,6030,20,1-2,890,3,1-2-5,2820,9,1-2,330,2,,,,,,,
20250915,丸亀,6,かけうどん６,晴,西,2,2,6,4,4177,萬 正 嗣,1,57,7.02,4,0.32,1.58.8,1-2-5,6030,20,1-2,890,3,1-2-5,2820,9,1-2,330,2,,,,,,,
20250915,丸亀,7,ざるうどん７,晴,南西,2,2,1,1,4790,柳 内 敬 太,12,62,6.94,1,0.20,1.50.8,1-4-6,630,1,1-4,240,1,1-4-6,410,3,1-4,220,1,,,,,,,
20250915,丸亀,7,ざるうどん７,晴,南西,2,2,2,4,4931,木 谷 賢 太,8,5,6.93,4,0.10,1.51.7,1-4-6,630,1,1-4,240,1,1-4-6,410,3,1-4,220,1,,,,,,,
20250915,丸亀,7,ざるうどん７,晴,南西,2,2,3,6,3740,大 澤 普 司,60,52,6.94,6,0.13,1.54.0,1-4-6,630,1,1-4,240,1,1-4-6,410,3,1-4,220,1,,,,,,,
20250915,丸亀,7,ざるうどん７,晴,南西,2,2,4,5,5326,三 嶌 さらら,47,61,6.96,5,0.12,1.55.6,1-4-6,630,1,1-4,240,1,1-4-6,410,3,1-4,220,1,,,,,,,
20250915,丸亀,7,ざるうどん７,晴,南西,2,2,5,3,4289,落 合 直 子,66,49,6.97,3,0.19,1.56.2,1-4-6,630,1,1-4,240,1,1-4-6,410,3,1-4,220,1,,,,,,,
20250915,丸亀,7,ざるうどん７,晴,南西,2,2,6,2,3878,胡 本 悟 志,63,63,7.03,2,0.18,1.57.1,1-4-6,630,1,1-4,240,1,1-4-6,410,3,1-4,220,1,,,,,,,
20250915,丸亀,8,釜揚げ８ 進入固定,晴,南西,2,2,1,4,5029,中 亮 太,9,28,6.93,4,0.18,1.51.0,4-1-3,7520,18,4-1,1990,5,1-3-4,470,3,1-4,310,2,,,,,,,
20250915,丸亀,8,釜揚げ８ 進入固定,晴,南西,2,2,2,1,4208,三 浦 永 理,39,58,6.87,1,0.19,1.51.9,4-1-3,7520,18,4-1,1990,5,1-3-4,470,3,1-4,310,2,,,,,,,
20250915,丸亀,8,釜揚げ８ 進入固定,晴,南西,2,2,3,3,3713,伊 藤 誠 二,31,26,6.94,3,0.21,1.53.7,4-1-3,7520,18,4-1,1990,5,1-3-4,470,3,1-4,310,2,,,,,,,
20250915,丸亀,8,釜揚げ８ 進入固定,晴,南西,2,2,4,5,4615,板 倉 敦 史,36,29,7.00,5,0.22,1.53.9,4-1-3,7520,18,4-1,1990,5,1-3-4,470,3,1-4,310,2,,,,,,,
20250915,丸亀,8,釜揚げ８ 進入固定,晴,南西,2,2,5,2,3484,芝 田 浩 治,5,65,6.96,2,0.26,1.58.9,4-1-3,7520,18,4-1,1990,5,1-3-4,470,3,1-4,310,2,,,,,,,
20250915,丸亀,8,釜揚げ８ 進入固定,晴,南西,2,2,6,6,4894,原 村 拓 也,45,55,6.90,6,0.19,2.07.1,4-1-3,7520,18,4-1,1990,5,1-3-4,470,3,1-4,310,2,,,,,,,
20250915,丸亀,9,ウチまる特賞,晴,南西,2,2,1,1,5145,島 川 海 輝,10,53,6.90,1,0.11,1.51.5,1-2-5,960,3,1-2,200,1,1-2-5,540,2,1-2,220,1,,,,,,,
20250915,丸亀,9,ウチまる特賞,晴,南西,2,2,2,2,4475,末 永 祐 輝,35,56,6.89,2,0.15,1.52.3,1-2-5,960,3,1-2,200,1,1-2-5,540,2,1-2,220,1,,,,,,,
20250915,丸亀,9,ウチまる特賞,晴,南西,2,2,3,5,4714,喜多須 杏 奈,7,13,6.92,5,0.14,1.53.7,1-2-5,960,3,1-2,200,1,1-2-5,540,2,1-2,220,1,,,,,,,
20250915,丸亀,9,ウチまる特賞,晴,南西,2,2,4,3,4496,内 堀 学,64,9,6.97,3,0.11,1.55.3,1-2-5,960,3,1-2,200,1,1-2-5,540,2,1-2,220,1,,,,,,,
20250915,丸亀,9,ウチまる特賞,晴,南西,2,2,5,4,5313,鈴 木 唯 央,43,40,6.99,4,0.14,1.55.6,1-2-5,960,3,1-2,200,1,1-2-5,540,2,1-2,220,1,,,,,,,
20250915,丸亀,9,ウチまる特賞,晴,南西,2,2,6,6,4899,占 部 一 真,65,20,7.00,6,0.08,1.58.8,1-2-5,960,3,1-2,200,1,1-2-5,540,2,1-2,220,1,,,,,,,
20250915,丸亀,10,蒼月まるる特,晴,南西,2,2,1,5,4864,小 川 日紀太,30,1,6.95,5,0.02,1.52.2,5-6-2,226040,106,5-6,5670,18,2-5-6,20580,19,5-6,21370,15,,,,,,,
20250915,丸亀,10,蒼月まるる特,晴,南西,2,2,2,6,5065,伊久間 陽 優,25,36,6.97,6,0.04,1.52.8,5-6-2,226040,106,5-6,5670,18,2-5-6,20580,19,5-6,21370,15,,,,,,,
20250915,丸亀,10,蒼月まるる特,晴,南西,2,2,3,2,4518,大須賀 友,62,17,6.90,2,0.19,1.53.9,5-6-2,226040,106,5-6,5670,18,2-5-6,20580,19,5-6,21370,15,,,,,,,
20250915,丸亀,10,蒼月まるる特,晴,南西,2,2,4,1,4826,井 上 一 輝,11,31,6.99,1,0.33,1.54.5,5-6-2,226040,106,5-6,5670,18,2-5-6,20580,19,5-6,21370,15,,,,,,,
20250915,丸亀,10,蒼月まるる特,晴,南西,2,2,5,4,4627,藤 原 菜 希,3,64,6.92,4,0.13,1.55.1,5-6-2,226040,106,5-6,5670,18,2-5-6,20580,19,5-6,21370,15,,,,,,,
20250915,丸亀,10,蒼月まるる特,晴,南西,2,2,6,3,4277,金 田 大 輔,38,51,6.93,3,0.14,1.58.0,5-6-2,226040,106,5-6,5670,18,2-5-6,20580,19,5-6,21370,15,,,,,,,
20250915,丸亀,11,一般選抜,晴,南西,2,2,1,3,4314,青 木 幸太郎,44,34,6.95,3,0.11,1.50.9,3-6-1,19850,51,3-6,6440,16,1-3-6,1130,5,3-6,4070,12,,,,,,,
20250915,丸亀,11,一般選抜,晴,南西,2,2,2,6,4653,小 野 達 哉,28,24,7.06,6,0.12,1.52.2,3-6-1,19850,51,3-6,6440,16,1-3-6,1130,5,3-6,4070,12,,,,,,,
20250915,丸亀,11,一般選抜,晴,南西,2,2,3,1,4381,田 路 朋 史,2,14,6.88,1,0.19,1.54.3,3-6-1,19850,51,3-6,6440,16,1-3-6,1130,5,3-6,4070,12,,,,,,,
20250915,丸亀,11,一般選抜,晴,南西,2,2,4,2,4931,木 谷 賢 太,8,5,6.95,2,0.16,1.54.5,3-6-1,19850,51,3-6,6440,16,1-3-6,1130,5,3-6,4070,12,,,,,,,
20250915,丸亀,11,一般選抜,晴,南西,2,2,5,5,3499,市 川 哲 也,27,16,6.99,5,0.07,1.55.8,3-6-1,19850,51,3-6,6440,16,1-3-6,1130,5,3-6,4070,12,,,,,,,
20250915,丸亀,11,一般選抜,晴,南西,2,2,6,4,4372,原 田 佑 実,41,54,6.98,4,0.12,1.57.1,3-6-1,19850,51,3-6,6440,16,1-3-6,1130,5,3-6,4070,12,,,,,,,
20250915,丸亀,12,一般選抜,晴,南西,2,2,1,5,4208,三 浦 永 理,39,58,6.93,5,0.12,1.50.4,5-1-3,18990,40,5-1,2870,10,1-3-5,850,6,1-5,320,1,,,,,,,
20250915,丸亀,12,一般選抜,晴,南西,2,2,2,1,3822,平 尾 崇 典,46,35,6.79,1,0.20,1.52.1,5-1-3,18990,40,5-1,2870,10,1-3-5,850,6,1-5,320,1,,,,,,,
20250915,丸亀,12,一般選抜,晴,南西,2,2,3,3,4102,益 田 啓 司,29,11,6.97,3,0.14,1.53.6,5-1-3,18990,40,5-1,2870,10,1-3-5,850,6,1-5,320,1,,,,,,,
20250915,丸亀,12,一般選抜,晴,南西,2,2,4,6,4348,宮 崎 奨,40,21,6.96,6,0.16,1.54.7,5-1-3,18990,40,5-1,2870,10,1-3-5,850,6,1-5,320,1,,,,,,,
20250915,丸亀,12,一般選抜,晴,南西,2,2,5,4,3841,佐々木 和 伸,57,18,6.90,4,0.12,1.56.0,5-1-3,18990,40,5-1,2870,10,1-3-5,850,6,1-5,320,1,,,,,,,
20250915,丸亀,12,一般選抜,晴,南西,2,2,6,2,3740,大 澤 普 司,60,52,6.93,2,0.28,1.59.4,5-1-3,18990,40,5-1,2870,10,1-3-5,850,6,1-5,320,1,,,,,,,
20250915,唐津,1,朝１戦,晴,南,3,3,1,2,4202,浮 田 圭 浩,9,59,6.80,2,0.18,1.51.6,2-1-6,7520,21,2-1,1600,6,1-2-6,740,5,1-2,190,1,,,,,,,
20250915,唐津,1,朝１戦,晴,南,3,3,2,1,4161,黒 柳 浩 孝,22,32,6.78,1,0.24,1.53.4,2-1-6,7520,21,2-1,1600,6,1-2-6,740,5,1-2,190,1,,,,,,,
20250915,唐津,1,朝１戦,晴,南,3,3,3,6,4204,柴 田 大 輔,19,44,6.74,6,0.18,1.54.2,2-1-6,7520,21,2-1,1600,6,1-2-6,740,5,1-2,190,1,,,,,,,
20250915,唐津,1,朝１戦,晴,南,3,3,4,3,4917,岩 橋 裕 馬,23,33,6.72,3,0.18,1.54.3,2-1-6,7520,21,2-1,1600,6,1-2-6,740,5,1-2,190,1,,,,,,,
20250915,唐津,1,朝１戦,晴,南,3,3,5,5,3851,森 田 昭 彦,1,58,6.86,5,0.17,1.56.2,2-1-6,7520,21,2-1,1600,6,1-2-6,740,5,1-2,190,1,,,,,,,
20250915,唐津,1,朝１戦,晴,南,3,3,6,4,4404,岸 蔭 亮,7,29,6.83,4,0.16,2.00.0,2-1-6,7520,21,2-1,1600,6,1-2-6,740,5,1-2,190,1,,,,,,,
20250915,唐津,2,モー２ング戦,晴,南西,3,3,1,1,4593,小 坂 宗 司,49,18,6.79,1,0.11,1.50.0,1-4-2,1760,7,1-4,1000,3,1-2-4,290,1,1-4,610,2,,,,,,,
20250915,唐津,2,モー２ング戦,晴,南西,3,3,2,4,5236,小 宮 涼 雅,15,48,6.77,4,0.13,1.51.3,1-4-2,1760,7,1-4,1000,3,1-2-4,290,1,1-4,610,2,,,,,,,
20250915,唐津,2,モー２ング戦,晴,南西,3,3,3,2,4377,濱 本 優 一,4,57,6.78,2,0.09,1.52.2,1-4-2,1760,7,1-4,1000,3,1-2-4,290,1,1-4,610,2,,,,,,,
20250915,唐津,2,モー２ング戦,晴,南西,3,3,4,5,4417,服 部 剛,6,37,6.76,5,0.16,1.53.6,1-4-2,1760,7,1-4,1000,3,1-2-4,290,1,1-4,610,2,,,,,,,
20250915,唐津,2,モー２ング戦,晴,南西,3,3,5,6,4747,山 戸 信 二,20,28,6.78,6,0.12,1.55.7,1-4-2,1760,7,1-4,1000,3,1-2-4,290,1,1-4,610,2,,,,,,,
20250915,唐津,2,モー２ング戦,晴,南西,3,3,6,3,3820,樫 葉 次 郎,59,30,6.87,3,0.18,1.57.8,1-4-2,1760,7,1-4,1000,3,1-2-4,290,1,1-4,610,2,,,,,,,
20250915,唐津,3,３ライズ戦,晴,南西,2,2,1,1,4263,武 重 雄 介,3,9,6.81,1,0.19,1.50.9,1-5-6,4310,15,1-5,430,3,1-5-6,1780,8,1-5,480,4,,,,,,,
20250915,唐津,3,３ライズ戦,晴,南西,2,2,2,5,4148,枝 尾 賢,47,54,6.77,6,0.24,1.52.2,1-5-6,4310,15,1-5,430,3,1-5-6,1780,8,1-5,480,4,,,,,,,
20250915,唐津,3,３ライズ戦,晴,南西,2,2,3,6,4410,井 上 大 輔,21,46,6.84,3,0.16,1.53.4,1-5-6,4310,15,1-5,430,3,1-5-6,1780,8,1-5,480,4,,,,,,,
20250915,唐津,3,３ライズ戦,晴,南西,2,2,4,2,4416,三 宅 健 太,57,8,6.81,2,0.28,1.54.7,1-5-6,4310,15,1-5,430,3,1-5-6,1780,8,1-5,480,4,,,,,,,
20250915,唐津,3,３ライズ戦,晴,南西,2,2,5,3,4966,田 川 大 貴,52,56,6.86,4,0.24,1.55.7,1-5-6,4310,15,1-5,430,3,1-5-6,1780,8,1-5,480,4,,,,,,,
20250915,唐津,3,３ライズ戦,晴,南西,2,2,6,4,4143,浦 田 晃 嗣,60,55,6.85,5,0.26,1.57.6,1-5-6,4310,15,1-5,430,3,1-5-6,1780,8,1-5,480,4,,,,,,,
20250915,唐津,4,おは４戦,晴,西,3,3,1,3,4531,武 富 智 亮,27,42,6.76,3,0.13,1.50.7,3-1-5,7950,37,3-1,830,2,1-3-5,2050,12,1-3,390,1,,,,,,,
20250915,唐津,4,おは４戦,晴,西,3,3,2,1,4636,赤 池 修 平,2,23,6.72,1,0.23,1.51.5,3-1-5,7950,37,3-1,830,2,1-3-5,2050,12,1-3,390,1,,,,,,,
20250915,唐津,4,おは４戦,晴,西,3,3,3,5,3948,大 町 利 克,26,51,6.85,5,0.12,1.52.3,3-1-5,7950,37,3-1,830,2,1-3-5,2050,12,1-3,390,1,,,,,,,
20250915,唐津,4,おは４戦,晴,西,3,3,4,4,4596,葛 原 大 陽,12,3,6.81,4,0.13,1.53.6,3-1-5,7950,37,3-1,830,2,1-3-5,2050,12,1-3,390,1,,,,,,,
20250915,唐津,4,おは４戦,晴,西,3,3,5,6,3873,別 府 昌 樹,18,1,6.81,6,0.11,1.54.2,3-1-5,7950,37,3-1,830,2,1-3-5,2050,12,1-3,390,1,,,,,,,
20250915,唐津,4,おは４戦,晴,西,3,3,6,2,3070,山 室 展 弘,17,26,6.86,2,0.15,1.55.0,3-1-5,7950,37,3-1,830,2,1-3-5,2050,12,1-3,390,1,,,,,,,
20250915,唐津,5,レッツ５特賞,晴,南西,4,4,1,2,4151,下 河 誉 史,48,5,6.74,2,0.21,1.50.9,2-1-5,4930,20,2-1,870,4,1-2-5,840,3,1-2,370,2,,,,,,,
20250915,唐津,5,レッツ５特賞,晴,南西,4,4,2,1,4709,岡 村 将 也,53,39,6.84,1,0.21,1.52.6,2-1-5,4930,20,2-1,870,4,1-2-5,840,3,1-2,370,2,,,,,,,
20250915,唐津,5,レッツ５特賞,晴,南西,4,4,3,5,4396,大 田 直 弥,58,25,6.80,5,0.29,1.53.6,2-1-5,4930,20,2-1,870,4,1-2-5,840,3,1-2,370,2,,,,,,,
20250915,唐津,5,レッツ５特賞,晴,南西,4,4,4,4,4027,松 江 秀 徳,24,60,6.75,4,0.21,1.54.9,2-1-5,4930,20,2-1,870,4,1-2-5,840,3,1-2,370,2,,,,,,,
20250915,唐津,5,レッツ５特賞,晴,南西,4,4,5,3,3246,星 野 政 彦,11,34,6.83,3,0.23,1.56.5,2-1-5,4930,20,2-1,870,4,1-2-5,840,3,1-2,370,2,,,,,,,
20250915,唐津,5,レッツ５特賞,晴,南西,4,4,6,6,4421,森 作 広 大,50,21,6.82,6,0.28,1.56.6,2-1-5,4930,20,2-1,870,4,1-2-5,840,3,1-2,370,2,,,,,,,
20250915,唐津,6,予選,晴,南,4,4,1,1,4134,杉 山 貴 博,32,16,6.76,1,0.29,1.50.5,1-2-3,550,1,1-2,260,1,1-2-3,250,1,1-2,240,1,,,,,,,
20250915,唐津,6,予選,晴,南,4,4,2,2,4594,谷 川 祐 一,14,50,6.77,2,0.24,1.52.0,1-2-3,550,1,1-2,260,1,1-2-3,250,1,1-2,240,1,,,,,,,
20250915,唐津,6,予選,晴,南,4,4,3,3,4949,横 田 貴 満,51,20,6.78,3,0.23,1.54.9,1-2-3,550,1,1-2,260,1,1-2-3,250,1,1-2,240,1,,,,,,,
20250915,唐津,6,予選,晴,南,4,4,4,6,5005,石 田 貴 洋,54,53,6.82,6,0.29,1.55.3,1-2-3,550,1,1-2,260,1,1-2-3,250,1,1-2,240,1,,,,,,,
20250915,唐津,6,予選,晴,南,4,4,5,5,4593,小 坂 宗 司,49,18,6.79,5,0.26,1.56.3,1-2-3,550,1,1-2,260,1,1-2-3,250,1,1-2,240,1,,,,,,,
20250915,唐津,6,予選,晴,南,4,4,6,4,3851,森 田 昭 彦,1,58,6.79,4,0.26,1.58.1,1-2-3,550,1,1-2,260,1,1-2-3,250,1,1-2,240,1,,,,,,,
20250915,唐津,7,予選,晴,南西,4,4,1,3,4012,中 村 有 裕,5,6,6.78,3,0.10,1.50.6,3-1-5,2280,2,3-1,890,3,1-3-5,790,3,1-3,450,1,,,,,,,
20250915,唐津,7,予選,晴,南西,4,4,2,1,4417,服 部 剛,6,37,6.73,1,0.19,1.51.6,3-1-5,2280,2,3-1,890,3,1-3-5,790,3,1-3,450,1,,,,,,,
20250915,唐津,7,予選,晴,南西,4,4,3,5,5197,中 野 仁 照,25,13,6.77,5,0.11,1.52.6,3-1-5,2280,2,3-1,890,3,1-3-5,790,3,1-3,450,1,,,,,,,
20250915,唐津,7,予選,晴,南西,4,4,4,6,4608,荒 井 翔 伍,8,27,6.76,6,0.10,1.53.9,3-1-5,2280,2,3-1,890,3,1-3-5,790,3,1-3,450,1,,,,,,,
20250915,唐津,7,予選,晴,南西,4,4,5,2,4148,枝 尾 賢,47,54,6.73,2,0.19,1.55.7,3-1-5,2280,2,3-1,890,3,1-3-5,790,3,1-3,450,1,,,,,,,
20250915,唐津,7,予選,晴,南西,4,4,6,4,4202,浮 田 圭 浩,9,59,6.76,4,0.12,1.57.1,3-1-5,2280,2,3-1,890,3,1-3-5,790,3,1-3,450,1,,,,,,,
20250915,唐津,8,８っぴータイ,晴,西,2,2,1,1,4143,浦 田 晃 嗣,60,55,6.74,1,0.11,1.50.1,1-5-4,1440,2,1-5,520,2,1-4-5,290,1,1-5,270,1,,,,,,,
20250915,唐津,8,８っぴータイ,晴,西,2,2,2,5,5191,飛 田 江 己,13,43,6.70,5,0.28,1.51.4,1-5-4,1440,2,1-5,520,2,1-4-5,290,1,1-5,270,1,,,,,,,
20250915,唐津,8,８っぴータイ,晴,西,2,2,3,4,4435,服 部 達 哉,10,15,6.72,4,0.21,1.52.9,1-5-4,1440,2,1-5,520,2,1-4-5,290,1,1-5,270,1,,,,,,,
20250915,唐津,8,８っぴータイ,晴,西,2,2,4,2,3820,樫 葉 次 郎,59,30,6.81,2,0.13,1.54.8,1-5-4,1440,2,1-5,520,2,1-4-5,290,1,1-5,270,1,,,,,,,
20250915,唐津,8,８っぴータイ,晴,西,2,2,5,3,4636,赤 池 修 平,2,23,6.78,3,0.17,1.55.2,1-5-4,1440,2,1-5,520,2,1-4-5,290,1,1-5,270,1,,,,,,,
20250915,唐津,8,８っぴータイ,晴,西,2,2,6,6,4404,岸 蔭 亮,7,29,6.77,6,0.26,1.55.9,1-5-4,1440,2,1-5,520,2,1-4-5,290,1,1-5,270,1,,,,,,,
20250915,唐津,9,予選,晴,南西,4,4,1,4,4413,水 摩 敦,16,31,6.81,4,0.17,1.51.1,4-2-6,6300,26,4-2,1040,7,2-4-6,2440,11,2-4,540,3,,,,,,,
20250915,唐津,9,予選,晴,南西,4,4,2,2,4596,葛 原 大 陽,12,3,6.80,2,0.19,1.51.8,4-2-6,6300,26,4-2,1040,7,2-4-6,2440,11,2-4,540,3,,,,,,,
20250915,唐津,9,予選,晴,南西,4,4,3,6,5236,小 宮 涼 雅,15,48,6.74,6,0.22,1.53.4,4-2-6,6300,26,4-2,1040,7,2-4-6,2440,11,2-4,540,3,,,,,,,
20250915,唐津,9,予選,晴,南西,4,4,4,1,4416,三 宅 健 太,57,8,6.80,1,0.17,1.54.2,4-2-6,6300,26,4-2,1040,7,2-4-6,2440,11,2-4,540,3,,,,,,,
20250915,唐津,9,予選,晴,南西,4,4,5,5,4917,岩 橋 裕 馬,23,33,6.70,5,0.17,1.54.8,4-2-6,6300,26,4-2,1040,7,2-4-6,2440,11,2-4,540,3,,,,,,,
20250915,唐津,9,予選,晴,南西,4,4,6,3,4709,岡 村 将 也,53,39,6.83,3,0.22,1.58.7,4-2-6,6300,26,4-2,1040,7,2-4-6,2440,11,2-4,540,3,,,,,,,
20250915,唐津,10,予選特賞,晴,南西,4,4,1,1,4402,乙 藤 智 史,56,40,6.81,1,0.04,1.50.4,1-2-6,6300,26,1-2,600,1,1-2-6,2080,8,1-2,260,1,,,,,,,
20250915,唐津,10,予選特賞,晴,南西,4,4,2,2,4027,松 江 秀 徳,24,60,6.71,4,0.13,1.51.4,1-2-6,6300,26,1-2,600,1,1-2-6,2080,8,1-2,260,1,,,,,,,
20250915,唐津,10,予選特賞,晴,南西,4,4,3,6,4966,田 川 大 貴,52,56,6.77,6,0.11,1.52.9,1-2-6,6300,26,1-2,600,1,1-2-6,2080,8,1-2,260,1,,,,,,,
20250915,唐津,10,予選特賞,晴,南西,4,4,4,4,4377,濱 本 優 一,4,57,6.77,5,0.12,1.53.6,1-2-6,6300,26,1-2,600,1,1-2-6,2080,8,1-2,260,1,,,,,,,
20250915,唐津,10,予選特賞,晴,南西,4,4,5,3,4594,谷 川 祐 一,14,50,6.76,3,0.07,1.54.9,1-2-6,6300,26,1-2,600,1,1-2-6,2080,8,1-2,260,1,,,,,,,
20250915,唐津,10,予選特賞,晴,南西,4,4,6,5,3070,山 室 展 弘,17,26,6.81,2,0.07,1.59.1,1-2-6,6300,26,1-2,600,1,1-2-6,2080,8,1-2,260,1,,,,,,,
20250915,唐津,11,宝当特選,晴,西,2,2,1,3,4540,相 原 利 章,28,49,6.76,3,0.22,1.49.7,3-1-4,8440,35,3-1,2510,11,1-3-4,1500,7,1-3,1110,4,,,,,,,
20250915,唐津,11,宝当特選,晴,西,2,2,2,1,4396,大 田 直 弥,58,25,6.78,1,0.22,1.50.9,3-1-4,8440,35,3-1,2510,11,1-3-4,1500,7,1-3,1110,4,,,,,,,
20250915,唐津,11,宝当特選,晴,西,2,2,3,4,3995,重 野 哲 之,29,45,6.80,4,0.23,1.51.8,3-1-4,8440,35,3-1,2510,11,1-3-4,1500,7,1-3,1110,4,,,,,,,
20250915,唐津,11,宝当特選,晴,西,2,2,4,5,4531,武 富 智 亮,27,42,6.81,6,0.12,1.54.0,3-1-4,8440,35,3-1,2510,11,1-3-4,1500,7,1-3,1110,4,,,,,,,
20250915,唐津,11,宝当特選,晴,西,2,2,5,2,4134,杉 山 貴 博,32,16,6.74,2,0.36,1.54.8,3-1-4,8440,35,3-1,2510,11,1-3-4,1500,7,1-3,1110,4,,,,,,,
20250915,唐津,11,宝当特選,晴,西,2,2,6,6,4012,中 村 有 裕,5,6,6.78,5,0.18,1.55.4,3-1-4,8440,35,3-1,2510,11,1-3-4,1500,7,1-3,1110,4,,,,,,,
20250915,唐津,12,からっキー選,晴,北西,2,2,1,1,4949,横 田 貴 満,51,20,6.76,1,0.14,1.50.0,1-2-4,1690,2,1-2,440,1,1-2-4,740,4,1-2,490,2,,,,,,,
20250915,唐津,12,からっキー選,晴,北西,2,2,2,2,3873,別 府 昌 樹,18,1,6.84,2,0.13,1.50.6,1-2-4,1690,2,1-2,440,1,1-2-4,740,4,1-2,490,2,,,,,,,
20250915,唐津,12,からっキー選,晴,北西,2,2,3,4,4263,武 重 雄 介,3,9,6.80,4,0.17,1.53.3,1-2-4,1690,2,1-2,440,1,1-2-4,740,4,1-2,490,2,,,,,,,
20250915,唐津,12,からっキー選,晴,北西,2,2,4,6,4151,下 河 誉 史,48,5,6.76,6,0.24,1.54.2,1-2-4,1690,2,1-2,440,1,1-2-4,740,4,1-2,490,2,,,,,,,
20250915,唐津,12,からっキー選,晴,北西,2,2,5,5,4161,黒 柳 浩 孝,22,32,6.77,5,0.19,1.55.9,1-2-4,1690,2,1-2,440,1,1-2-4,740,4,1-2,490,2,,,,,,,
20250915,唐津,12,からっキー選,晴,北西,2,2,S0,3,4608,荒 井 翔 伍,8,27,6.79,3,0.13,,1-2-4,1690,2,1-2,440,1,1-2-4,740,4,1-2,490,2,,,,,,,
20250915,大村,1,予選,晴,西,3,2,1,1,3837,秋 山 広 一,27,34,6.97,1,0.11,1.50.5,1-2-4,610,1,1-2,220,1,1-2-4,280,1,1-2,230,1,,,,,,,
20250915,大村,1,予選,晴,西,3,2,2,2,4403,木 下 大 將,48,44,6.89,2,0.18,1.52.5,1-2-4,610,1,1-2,220,1,1-2-4,280,1,1-2,230,1,,,,,,,
20250915,大村,1,予選,晴,西,3,2,3,4,5075,中 島 秀 治,11,48,6.95,4,0.26,1.53.8,1-2-4,610,1,1-2,220,1,1-2-4,280,1,1-2,230,1,,,,,,,
20250915,大村,1,予選,晴,西,3,2,4,3,3392,小 森 信 雄,24,56,6.94,3,0.17,1.54.8,1-2-4,610,1,1-2,220,1,1-2-4,280,1,1-2,230,1,,,,,,,
20250915,大村,1,予選,晴,西,3,2,5,5,4947,間 庭 菜 摘,51,38,6.97,5,0.24,,1-2-4,610,1,1-2,220,1,1-2-4,280,1,1-2,230,1,,,,,,,
20250915,大村,1,予選,晴,西,3,2,6,6,5112,砂 長 知 輝,20,26,6.91,6,0.17,,1-2-4,610,1,1-2,220,1,1-2-4,280,1,1-2,230,1,,,,,,,
20250915,大村,2,予選,晴,西,2,1,1,2,4819,蜂 須 瑞 生,71,49,6.99,2,0.13,1.50.9,2-4-1,13880,57,2-4,2890,12,1-2-4,2000,9,2-4,2140,9,,,,,,,
20250915,大村,2,予選,晴,西,2,1,2,4,3777,樋 口 亮,72,46,6.98,4,0.19,1.53.2,2-4-1,13880,57,2-4,2890,12,1-2-4,2000,9,2-4,2140,9,,,,,,,
20250915,大村,2,予選,晴,西,2,1,3,1,3787,天 野 誠,46,76,6.95,1,0.14,1.53.8,2-4-1,13880,57,2-4,2890,12,1-2-4,2000,9,2-4,2140,9,,,,,,,
20250915,大村,2,予選,晴,西,2,1,4,3,5016,宮 田 龍 馬,68,41,6.94,3,0.11,1.54.8,2-4-1,13880,57,2-4,2890,12,1-2-4,2000,9,2-4,2140,9,,,,,,,
20250915,大村,2,予選,晴,西,2,1,5,6,4706,三 浦 洋次朗,60,70,7.03,6,0.13,,2-4-1,13880,57,2-4,2890,12,1-2-4,2000,9,2-4,2140,9,,,,,,,
20250915,大村,2,予選,晴,西,2,1,6,5,5277,井 上 未 都,26,11,6.91,5,0.18,,2-4-1,13880,57,2-4,2890,12,1-2-4,2000,9,2-4,2140,9,,,,,,,
20250915,大村,3,予選,晴,北西,2,1,1,3,4683,向井田 直 弥,21,55,6.80,6,0.11,1.51.4,3-6-2,9300,38,3-6,3300,15,2-3-6,1740,8,3-6,1340,5,,,,,,,
20250915,大村,3,予選,晴,北西,2,1,2,6,4674,池 田 剛 規,12,65,6.94,5,0.11,1.52.5,3-6-2,9300,38,3-6,3300,15,2-3-6,1740,8,3-6,1340,5,,,,,,,
20250915,大村,3,予選,晴,北西,2,1,3,2,4823,中 村 桃 佳,58,58,6.90,2,0.14,1.53.4,3-6-2,9300,38,3-6,3300,15,2-3-6,1740,8,3-6,1340,5,,,,,,,
20250915,大村,3,予選,晴,北西,2,1,4,1,3641,一 瀬 明,35,33,7.00,1,0.10,1.55.7,3-6-2,9300,38,3-6,3300,15,2-3-6,1740,8,3-6,1340,5,,,,,,,
20250915,大村,3,予選,晴,北西,2,1,5,4,5002,上 田 健 太,15,39,6.92,3,0.16,,3-6-2,9300,38,3-6,3300,15,2-3-6,1740,8,3-6,1340,5,,,,,,,
20250915,大村,3,予選,晴,北西,2,1,6,5,4145,小 澤 学,19,43,6.95,4,0.40,,3-6-2,9300,38,3-6,3300,15,2-3-6,1740,8,3-6,1340,5,,,,,,,
20250915,大村,4,予選,晴,北西,1,1,1,1,3662,大 庭 元 明,65,74,6.91,1,0.15,1.50.7,1-2-3,950,3,1-2,200,1,1-2-3,440,3,1-2,170,1,,,,,,,
20250915,大村,4,予選,晴,北西,1,1,2,2,4136,江 夏 満,61,51,6.94,2,0.14,1.52.0,1-2-3,950,3,1-2,200,1,1-2-3,440,3,1-2,170,1,,,,,,,
20250915,大村,4,予選,晴,北西,1,1,3,3,3989,熊 本 英 一,62,29,6.89,3,0.13,1.53.3,1-2-3,950,3,1-2,200,1,1-2-3,440,3,1-2,170,1,,,,,,,
20250915,大村,4,予選,晴,北西,1,1,4,6,4105,松 下 直 也,29,47,6.89,6,0.26,1.53.6,1-2-3,950,3,1-2,200,1,1-2-3,440,3,1-2,170,1,,,,,,,
20250915,大村,4,予選,晴,北西,1,1,5,4,3664,鈴 木 賢 一,16,37,6.91,4,0.13,,1-2-3,950,3,1-2,200,1,1-2-3,440,3,1-2,170,1,,,,,,,
20250915,大村,4,予選,晴,北西,1,1,6,5,3773,津 留 浩一郎,55,64,6.91,5,0.16,,1-2-3,950,3,1-2,200,1,1-2-3,440,3,1-2,170,1,,,,,,,
20250915,大村,5,予選,晴,北西,1,1,1,1,3934,鋤 柄 貴 俊,36,21,6.90,1,0.27,1.51.2,1-3-4,4950,21,1-3,2860,12,1-3-4,900,5,1-3,2730,10,,,,,,,
20250915,大村,5,予選,晴,北西,1,1,2,3,4406,幸 野 史 明,57,61,6.83,3,0.07,1.51.5,1-3-4,4950,21,1-3,2860,12,1-3-4,900,5,1-3,2730,10,,,,,,,
20250915,大村,5,予選,晴,北西,1,1,3,4,5142,常 住 蓮,30,53,6.88,4,0.07,1.53.8,1-3-4,4950,21,1-3,2860,12,1-3-4,900,5,1-3,2730,10,,,,,,,
20250915,大村,5,予選,晴,北西,1,1,4,2,4331,三 好 勇 人,37,35,6.95,2,0.09,1.55.5,1-3-4,4950,21,1-3,2860,12,1-3-4,900,5,1-3,2730,10,,,,,,,
20250915,大村,5,予選,晴,北西,1,1,5,5,5278,田 中 駿 兵,54,68,6.94,5,0.03,,1-3-4,4950,21,1-3,2860,12,1-3-4,900,5,1-3,2730,10,,,,,,,
20250915,大村,5,予選,晴,北西,1,1,6,6,4552,杉 山 勝 匡,63,31,6.89,6,0.01,,1-3-4,4950,21,1-3,2860,12,1-3-4,900,5,1-3,2730,10,,,,,,,
20250915,大村,6,予選,晴,北西,1,1,1,4,5086,本 村 大,67,62,6.90,4,0.14,1.50.9,4-3-1,16520,43,4-3,6250,15,1-3-4,530,3,3-4,2390,7,,,,,,,
20250915,大村,6,予選,晴,北西,1,1,2,3,5015,高 橋 竜 矢,66,72,6.85,3,0.12,1.51.8,4-3-1,16520,43,4-3,6250,15,1-3-4,530,3,3-4,2390,7,,,,,,,
20250915,大村,6,予選,晴,北西,1,1,3,1,3746,岡 瀬 正 人,32,16,6.89,1,0.17,1.53.4,4-3-1,16520,43,4-3,6250,15,1-3-4,530,3,3-4,2390,7,,,,,,,
20250915,大村,6,予選,晴,北西,1,1,4,5,5256,中 山 翔 太,39,59,6.94,5,0.09,1.55.1,4-3-1,16520,43,4-3,6250,15,1-3-4,530,3,3-4,2390,7,,,,,,,
20250915,大村,6,予選,晴,北西,1,1,5,6,4163,山 崎 裕 司,13,67,6.86,6,0.18,,4-3-1,16520,43,4-3,6250,15,1-3-4,530,3,3-4,2390,7,,,,,,,
20250915,大村,6,予選,晴,北西,1,1,6,2,5152,丸 山 祐 也,43,19,6.95,2,0.16,,4-3-1,16520,43,4-3,6250,15,1-3-4,530,3,3-4,2390,7,,,,,,,
20250915,大村,7,予選 進入固定,晴,北西,1,1,1,1,3777,樋 口 亮,72,46,6.89,1,0.17,1.51.1,1-3-5,790,3,1-3,200,1,1-3-5,390,3,1-3,120,1,,,,,,,
20250915,大村,7,予選 進入固定,晴,北西,1,1,2,3,5112,砂 長 知 輝,20,26,6.86,3,0.14,1.52.0,1-3-5,790,3,1-3,200,1,1-3-5,390,3,1-3,120,1,,,,,,,
20250915,大村,7,予選 進入固定,晴,北西,1,1,3,5,3392,小 森 信 雄,24,56,6.87,5,0.14,1.53.5,1-3-5,790,3,1-3,200,1,1-3-5,390,3,1-3,120,1,,,,,,,
20250915,大村,7,予選 進入固定,晴,北西,1,1,4,2,4097,貫地谷 直 人,41,20,7.00,2,0.19,1.54.8,1-3-5,790,3,1-3,200,1,1-3-5,390,3,1-3,120,1,,,,,,,
20250915,大村,7,予選 進入固定,晴,北西,1,1,5,4,4691,水 原 慎,70,50,6.96,4,0.17,,1-3-5,790,3,1-3,200,1,1-3-5,390,3,1-3,120,1,,,,,,,
20250915,大村,7,予選 進入固定,晴,北西,1,1,6,6,5344,谷 口 丞,56,22,6.98,6,0.11,,1-3-5,790,3,1-3,200,1,1-3-5,390,3,1-3,120,1,,,,,,,
20250915,大村,8,予選,晴,南,1,1,1,4,4819,蜂 須 瑞 生,71,49,6.92,4,0.18,1.50.7,4-1-5,4730,15,4-1,1250,4,1-4-5,890,5,1-4,200,1,,,,,,,
20250915,大村,8,予選,晴,南,1,1,2,1,4823,中 村 桃 佳,58,58,6.89,1,0.22,1.52.0,4-1-5,4730,15,4-1,1250,4,1-4-5,890,5,1-4,200,1,,,,,,,
20250915,大村,8,予選,晴,南,1,1,3,5,4987,島 倉 都,49,28,6.94,5,0.17,1.54.0,4-1-5,4730,15,4-1,1250,4,1-4-5,890,5,1-4,200,1,,,,,,,
20250915,大村,8,予選,晴,南,1,1,4,6,3509,池 千 夏,69,54,6.99,6,0.14,1.56.3,4-1-5,4730,15,4-1,1250,4,1-4-5,890,5,1-4,200,1,,,,,,,
20250915,大村,8,予選,晴,南,1,1,5,3,4947,間 庭 菜 摘,51,38,6.96,3,0.24,,4-1-5,4730,15,4-1,1250,4,1-4-5,890,5,1-4,200,1,,,,,,,
20250915,大村,8,予選,晴,南,1,1,6,2,5123,福 山 恵里奈,75,69,6.92,2,0.21,,4-1-5,4730,15,4-1,1250,4,1-4-5,890,5,1-4,200,1,,,,,,,
20250915,大村,9,予選特賞,晴,南東,1,1,1,1,4706,三 浦 洋次朗,60,70,7.01,1,0.13,1.51.8,1-4-6,2800,8,1-4,1520,4,1-4-6,700,3,1-4,600,2,,,,,,,
20250915,大村,9,予選特賞,晴,南東,1,1,2,4,3773,津 留 浩一郎,55,64,6.95,4,0.14,1.52.3,1-4-6,2800,8,1-4,1520,4,1-4-6,700,3,1-4,600,2,,,,,,,
20250915,大村,9,予選特賞,晴,南東,1,1,3,6,4136,江 夏 満,61,51,6.99,6,0.21,1.53.4,1-4-6,2800,8,1-4,1520,4,1-4-6,700,3,1-4,600,2,,,,,,,
20250915,大村,9,予選特賞,晴,南東,1,1,4,2,5075,中 島 秀 治,11,48,6.90,2,0.15,1.53.8,1-4-6,2800,8,1-4,1520,4,1-4-6,700,3,1-4,600,2,,,,,,,
20250915,大村,9,予選特賞,晴,南東,1,1,5,5,4744,伊 藤 玲 奈,44,13,6.98,5,0.19,,1-4-6,2800,8,1-4,1520,4,1-4-6,700,3,1-4,600,2,,,,,,,
20250915,大村,9,予選特賞,晴,南東,1,1,6,3,4145,小 澤 学,19,43,6.94,3,0.24,,1-4-6,2800,8,1-4,1520,4,1-4-6,700,3,1-4,600,2,,,,,,,
20250915,大村,10,予選特選,晴,南東,1,1,1,1,5016,宮 田 龍 馬,68,41,6.91,1,0.02,1.50.6,1-4-2,5230,21,1-4,990,4,1-2-4,1800,11,1-4,760,4,,,,,,,
20250915,大村,10,予選特選,晴,南東,1,1,2,4,4105,松 下 直 也,29,47,6.91,4,0.07,1.51.2,1-4-2,5230,21,1-4,990,4,1-2-4,1800,11,1-4,760,4,,,,,,,
20250915,大村,10,予選特選,晴,南東,1,1,3,2,5278,田 中 駿 兵,54,68,6.94,2,0.04,1.52.6,1-4-2,5230,21,1-4,990,4,1-2-4,1800,11,1-4,760,4,,,,,,,
20250915,大村,10,予選特選,晴,南東,1,1,4,5,4403,木 下 大 將,48,44,6.88,5,0.06,1.53.3,1-4-2,5230,21,1-4,990,4,1-2-4,1800,11,1-4,760,4,,,,,,,
20250915,大村,10,予選特選,晴,南東,1,1,5,3,4674,池 田 剛 規,12,65,6.88,3,0.06,,1-4-2,5230,21,1-4,990,4,1-2-4,1800,11,1-4,760,4,,,,,,,
20250915,大村,10,予選特選,晴,南東,1,1,6,6,5142,常 住 蓮,30,53,6.84,6,0.05,,1-4-2,5230,21,1-4,990,4,1-2-4,1800,11,1-4,760,4,,,,,,,
20250915,大村,11,予選特選,晴,南東,1,1,1,1,5015,高 橋 竜 矢,66,72,6.86,1,0.11,1.50.4,1-3-6,1620,6,1-3,180,1,1-3-6,1070,6,1-3,190,1,,,,,,,
20250915,大村,11,予選特選,晴,南東,1,1,2,3,3662,大 庭 元 明,65,74,6.90,3,0.14,1.51.9,1-3-6,1620,6,1-3,180,1,1-3-6,1070,6,1-3,190,1,,,,,,,
20250915,大村,11,予選特選,晴,南東,1,1,3,6,5002,上 田 健 太,15,39,6.90,6,0.12,1.53.4,1-3-6,1620,6,1-3,180,1,1-3-6,1070,6,1-3,190,1,,,,,,,
20250915,大村,11,予選特選,晴,南東,1,1,4,2,5256,中 山 翔 太,39,59,6.93,2,0.19,1.54.8,1-3-6,1620,6,1-3,180,1,1-3-6,1070,6,1-3,190,1,,,,,,,
20250915,大村,11,予選特選,晴,南東,1,1,5,4,4552,杉 山 勝 匡,63,31,6.92,4,0.11,,1-3-6,1620,6,1-3,180,1,1-3-6,1070,6,1-3,190,1,,,,,,,
20250915,大村,11,予選特選,晴,南東,1,1,6,5,4331,三 好 勇 人,37,35,6.96,5,0.10,,1-3-6,1620,6,1-3,180,1,1-3-6,1070,6,1-3,190,1,,,,,,,
20250915,大村,12,予選特賞,晴,南東,1,1,1,3,4097,貫地谷 直 人,41,20,6.98,3,0.29,1.51.6,3-5-2,23990,44,3-5,5260,14,2-3-5,2930,8,3-5,2970,9,,,,,,,
20250915,大村,12,予選特賞,晴,南東,1,1,2,5,3934,鋤 柄 貴 俊,36,21,6.90,4,0.08,1.52.8,3-5-2,23990,44,3-5,5260,14,2-3-5,2930,8,3-5,2970,9,,,,,,,
20250915,大村,12,予選特賞,晴,南東,1,1,3,2,5277,井 上 未 都,26,11,6.89,2,0.13,1.54.1,3-5-2,23990,44,3-5,5260,14,2-3-5,2930,8,3-5,2970,9,,,,,,,
20250915,大村,12,予選特賞,晴,南東,1,1,4,1,5086,本 村 大,67,62,6.89,1,0.24,1.55.6,3-5-2,23990,44,3-5,5260,14,2-3-5,2930,8,3-5,2970,9,,,,,,,
20250915,大村,12,予選特賞,晴,南東,1,1,5,6,3664,鈴 木 賢 一,16,37,6.98,5,0.11,,3-5-2,23990,44,3-5,5260,14,2-3-5,2930,8,3-5,2970,9,,,,,,,
20250915,大村,12,予選特賞,晴,南東,1,1,F,4,4683,向井田 直 弥,21,55,6.81,6,F0.01,,3-5-2,23990,44,3-5,5260,14,2-3-5,2930,8,3-5,2970,9,,,,,,,
20250915,宮島,1,ファーストＢ,晴,北東,1,1,1,1,5053,山 口 広 樹,11,70,6.77,1,0.16,1.51.0,1-3-2,2200,7,1-3,490,2,1-2-3,840,6,1-3,390,2,,,,,,,
20250915,宮島,1,ファーストＢ,晴,北東,1,1,2,3,5301,岩 下 巧 斗,54,18,6.91,4,0.23,1.54.0,1-3-2,2200,7,1-3,490,2,1-2-3,840,6,1-3,390,2,,,,,,,
20250915,宮島,1,ファーストＢ,晴,北東,1,1,3,2,5315,浅 井 翼,58,62,6.84,2,0.43,1.56.3,1-3-2,2200,7,1-3,490,2,1-2-3,840,6,1-3,390,2,,,,,,,
20250915,宮島,1,ファーストＢ,晴,北東,1,1,4,6,5183,中 野 孝 二,29,55,6.83,3,0.16,1.56.7,1-3-2,2200,7,1-3,490,2,1-2-3,840,6,1-3,390,2,,,,,,,
20250915,宮島,1,ファーストＢ,晴,北東,1,1,5,4,5369,岡 崎 凪 汰,71,26,6.78,5,0.21,1.58.1,1-3-2,2200,7,1-3,490,2,1-2-3,840,6,1-3,390,2,,,,,,,
20250915,宮島,1,ファーストＢ,晴,北東,1,1,6,5,5343,小 林 礼 央,17,28,6.85,6,0.17,1.59.0,1-3-2,2200,7,1-3,490,2,1-2-3,840,6,1-3,390,2,,,,,,,
20250915,宮島,2,予選,晴,南西,3,3,1,3,5157,市 川 健 太,73,53,6.76,3,0.29,1.52.2,3-1-5,11310,42,3-1,3280,14,1-3-5,1220,6,1-3,930,5,,,,,,,
20250915,宮島,2,予選,晴,南西,3,3,2,1,5083,柳 瀬 幹 太,33,35,6.80,1,0.33,1.53.8,3-1-5,11310,42,3-1,3280,14,1-3-5,1220,6,1-3,930,5,,,,,,,
20250915,宮島,2,予選,晴,南西,3,3,3,5,5166,仲 道 大 輔,22,65,6.75,5,0.23,1.55.1,3-1-5,11310,42,3-1,3280,14,1-3-5,1220,6,1-3,930,5,,,,,,,
20250915,宮島,2,予選,晴,南西,3,3,4,6,5211,高 井 駿 弥,32,54,6.86,6,0.32,1.56.7,3-1-5,11310,42,3-1,3280,14,1-3-5,1220,6,1-3,930,5,,,,,,,
20250915,宮島,2,予選,晴,南西,3,3,5,4,5333,山 下 智 己,35,56,6.72,4,0.25,1.57.2,3-1-5,11310,42,3-1,3280,14,1-3-5,1220,6,1-3,930,5,,,,,,,
20250915,宮島,2,予選,晴,南西,3,3,6,2,5081,篠 原 飛 翔,60,81,6.75,2,0.36,2.00.8,3-1-5,11310,42,3-1,3280,14,1-3-5,1220,6,1-3,930,5,,,,,,,
20250915,宮島,3,予選,晴,南西,5,5,1,3,5229,吉 川 晴 人,74,20,6.76,3,0.19,1.52.0,3-4-2,2140,6,3-4,790,2,2-3-4,550,2,3-4,390,2,,,,,,,
20250915,宮島,3,予選,晴,南西,5,5,2,4,5010,宇留田 翔 平,15,80,6.74,4,0.19,1.53.0,3-4-2,2140,6,3-4,790,2,2-3-4,550,2,3-4,390,2,,,,,,,
20250915,宮島,3,予選,晴,南西,5,5,3,2,5120,山 本 稔太朗,34,79,6.77,2,0.20,1.55.4,3-4-2,2140,6,3-4,790,2,2-3-4,550,2,3-4,390,2,,,,,,,
20250915,宮島,3,予選,晴,南西,5,5,4,1,5167,小 川 竜太朗,65,76,6.69,1,0.24,1.56.3,3-4-2,2140,6,3-4,790,2,2-3-4,550,2,3-4,390,2,,,,,,,
20250915,宮島,3,予選,晴,南西,5,5,5,6,5179,藤 本 元 輝,38,14,6.72,6,0.25,1.58.1,3-4-2,2140,6,3-4,790,2,2-3-4,550,2,3-4,390,2,,,,,,,
20250915,宮島,3,予選,晴,南西,5,5,6,5,5381,有 山 望,77,67,6.66,5,0.64,1.59.8,3-4-2,2140,6,3-4,790,2,2-3-4,550,2,3-4,390,2,,,,,,,
20250915,宮島,4,ランチ特賞,晴,南西,3,3,1,4,5038,金 田 智 博,51,72,6.73,5,0.02,1.51.2,4-1-3,2840,8,4-1,980,4,1-3-4,310,1,1-4,240,1,,,,,,,
20250915,宮島,4,ランチ特賞,晴,南西,3,3,2,1,5134,大 原 祥 昌,70,11,6.69,1,0.03,1.51.7,4-1-3,2840,8,4-1,980,4,1-3-4,310,1,1-4,240,1,,,,,,,
20250915,宮島,4,ランチ特賞,晴,南西,3,3,3,3,5105,富 田 恕 生,18,77,6.73,4,0.09,1.54.3,4-1-3,2840,8,4-1,980,4,1-3-4,310,1,1-4,240,1,,,,,,,
20250915,宮島,4,ランチ特賞,晴,南西,3,3,4,6,5098,大 江 純,66,50,6.74,3,0.08,1.58.1,4-1-3,2840,8,4-1,980,4,1-3-4,310,1,1-4,240,1,,,,,,,
20250915,宮島,4,ランチ特賞,晴,南西,3,3,5,2,5308,藤 森 拓 海,28,82,6.75,2,0.12,1.59.1,4-1-3,2840,8,4-1,980,4,1-3-4,310,1,1-4,240,1,,,,,,,
20250915,宮島,4,ランチ特賞,晴,南西,3,3,6,5,5242,高 山 弘 斗,20,59,6.75,6,0.17,1.59.3,4-1-3,2840,8,4-1,980,4,1-3-4,310,1,1-4,240,1,,,,,,,
20250915,宮島,5,予選,晴,南西,3,3,1,3,5216,長谷川 晴 哉,36,30,6.71,3,0.16,1.50.3,3-1-2,3200,15,3-1,1100,6,1-2-3,420,2,1-3,330,1,,,,,,,
20250915,宮島,5,予選,晴,南西,3,3,2,1,5376,吉 田 一 心,68,63,6.68,1,0.14,1.52.0,3-1-2,3200,15,3-1,1100,6,1-2-3,420,2,1-3,330,1,,,,,,,
20250915,宮島,5,予選,晴,南西,3,3,3,2,5234,塚 越 海 斗,14,38,6.69,2,0.20,1.53.8,3-1-2,3200,15,3-1,1100,6,1-2-3,420,2,1-3,330,1,,,,,,,
20250915,宮島,5,予選,晴,南西,3,3,4,4,5239,上 野 俊 樹,21,57,6.70,4,0.13,1.54.0,3-1-2,3200,15,3-1,1100,6,1-2-3,420,2,1-3,330,1,,,,,,,
20250915,宮島,5,予選,晴,南西,3,3,5,6,5386,米玉利 大 悟,27,13,6.66,6,0.13,1.57.0,3-1-2,3200,15,3-1,1100,6,1-2-3,420,2,1-3,330,1,,,,,,,
20250915,宮島,5,予選,晴,南西,3,3,6,5,5318,河 内 一 馬,61,39,6.71,5,0.10,2.00.6,3-1-2,3200,15,3-1,1100,6,1-2-3,420,2,1-3,330,1,,,,,,,
20250915,宮島,6,予選,曇り,南,3,3,1,6,5319,近 藤 颯 斗,16,74,6.70,6,0.04,1.51.8,6-3-2,100700,88,6-3,31850,29,2-3-6,4280,12,3-6,4490,9,,,,,,,
20250915,宮島,6,予選,曇り,南,3,3,2,3,5238,笹 木 香 吾,53,23,6.77,3,0.02,1.53.6,6-3-2,100700,88,6-3,31850,29,2-3-6,4280,12,3-6,4490,9,,,,,,,
20250915,宮島,6,予選,曇り,南,3,3,3,2,5076,石 原 光,19,31,6.76,2,0.12,1.55.0,6-3-2,100700,88,6-3,31850,29,2-3-6,4280,12,3-6,4490,9,,,,,,,
20250915,宮島,6,予選,曇り,南,3,3,4,1,5222,津 田 陸 翔,67,51,6.69,1,0.12,1.55.2,6-3-2,100700,88,6-3,31850,29,2-3-6,4280,12,3-6,4490,9,,,,,,,
20250915,宮島,6,予選,曇り,南,3,3,5,4,5223,森 清 友 翔,78,75,6.73,4,0.04,1.55.4,6-3-2,100700,88,6-3,31850,29,2-3-6,4280,12,3-6,4490,9,,,,,,,
20250915,宮島,6,予選,曇り,南,3,3,6,5,5369,岡 崎 凪 汰,71,26,6.69,5,0.07,1.58.5,6-3-2,100700,88,6-3,31850,29,2-3-6,4280,12,3-6,4490,9,,,,,,,
20250915,宮島,7,予選,雨,南西,3,3,1,5,5114,小 林 孝 彰,72,25,6.74,4,0.18,1.51.6,5-3-6,23010,68,5-3,7700,21,3-5-6,2650,12,3-5,2540,10,,,,,,,
20250915,宮島,7,予選,雨,南西,3,3,2,3,5315,浅 井 翼,58,62,6.80,3,0.14,1.53.7,5-3-6,23010,68,5-3,7700,21,3-5-6,2650,12,3-5,2540,10,,,,,,,
20250915,宮島,7,予選,雨,南西,3,3,3,6,5316,村 松 将 平,23,22,6.74,5,0.19,1.54.4,5-3-6,23010,68,5-3,7700,21,3-5-6,2650,12,3-5,2540,10,,,,,,,
20250915,宮島,7,予選,雨,南西,3,3,4,1,5157,市 川 健 太,73,53,6.80,1,0.20,1.55.7,5-3-6,23010,68,5-3,7700,21,3-5-6,2650,12,3-5,2540,10,,,,,,,
20250915,宮島,7,予選,雨,南西,3,3,5,4,5381,有 山 望,77,67,6.71,6,0.15,1.57.4,5-3-6,23010,68,5-3,7700,21,3-5-6,2650,12,3-5,2540,10,,,,,,,
20250915,宮島,7,予選,雨,南西,3,3,6,2,5208,屋 良 龍 紀,62,61,6.79,2,0.16,1.59.4,5-3-6,23010,68,5-3,7700,21,3-5-6,2650,12,3-5,2540,10,,,,,,,
20250915,宮島,8,予選,晴,無風,0,1,1,2,5301,岩 下 巧 斗,54,18,6.75,2,0.03,1.52.0,2-5-3,4620,19,2-5,2840,11,2-3-5,440,2,2-5,1510,8,,,,,,,
20250915,宮島,8,予選,晴,無風,0,1,2,5,5083,柳 瀬 幹 太,33,35,6.78,5,0.09,1.53.7,2-5-3,4620,19,2-5,2840,11,2-3-5,440,2,2-5,1510,8,,,,,,,
20250915,宮島,8,予選,晴,無風,0,1,3,3,5110,杉 山 喜 一,24,71,6.76,3,0.02,1.56.1,2-5-3,4620,19,2-5,2840,11,2-3-5,440,2,2-5,1510,8,,,,,,,
20250915,宮島,8,予選,晴,無風,0,1,4,4,5167,小 川 竜太朗,65,76,6.73,4,0.09,1.56.8,2-5-3,4620,19,2-5,2840,11,2-3-5,440,2,2-5,1510,8,,,,,,,
20250915,宮島,8,予選,晴,無風,0,1,5,6,5137,川 原 涼,55,69,6.68,6,0.11,1.57.5,2-5-3,4620,19,2-5,2840,11,2-3-5,440,2,2-5,1510,8,,,,,,,
20250915,宮島,8,予選,晴,無風,0,1,F,1,5177,松 井 貫 太,82,32,6.74,1,F0.02,,2-5-3,4620,19,2-5,2840,11,2-3-5,440,2,2-5,1510,8,,,,,,,
20250915,宮島,9,予選,晴,無風,0,1,1,2,5333,山 下 智 己,35,56,6.78,4,0.08,1.50.9,2-6-1,24950,53,2-6,9180,19,1-2-6,3230,9,2-6,6590,11,,,,,,,
20250915,宮島,9,予選,晴,無風,0,1,2,6,5120,山 本 稔太朗,34,79,6.86,3,0.08,1.52.0,2-6-1,24950,53,2-6,9180,19,1-2-6,3230,9,2-6,6590,11,,,,,,,
20250915,宮島,9,予選,晴,無風,0,1,3,1,5085,中 村 栄 治,50,66,6.82,1,0.07,1.54.4,2-6-1,24950,53,2-6,9180,19,1-2-6,3230,9,2-6,6590,11,,,,,,,
20250915,宮島,9,予選,晴,無風,0,1,4,5,5308,藤 森 拓 海,28,82,6.89,5,0.15,1.56.1,2-6-1,24950,53,2-6,9180,19,1-2-6,3230,9,2-6,6590,11,,,,,,,
20250915,宮島,9,予選,晴,無風,0,1,5,3,5028,原 田 才一郎,63,19,6.71,2,0.05,1.56.3,2-6-1,24950,53,2-6,9180,19,1-2-6,3230,9,2-6,6590,11,,,,,,,
20250915,宮島,9,予選,晴,無風,0,1,6,4,5343,小 林 礼 央,17,28,6.83,6,0.15,1.58.0,2-6-1,24950,53,2-6,9180,19,1-2-6,3230,9,2-6,6590,11,,,,,,,
20250915,宮島,10,特賞,晴,無風,0,1,1,4,5179,藤 本 元 輝,38,14,6.76,4,0.11,1.50.7,4-5-1,2490,9,4-5,1450,7,1-4-5,300,2,4-5,790,4,,,,,,,
20250915,宮島,10,特賞,晴,無風,0,1,2,5,5038,金 田 智 博,51,72,6.75,5,0.17,1.53.4,4-5-1,2490,9,4-5,1450,7,1-4-5,300,2,4-5,790,4,,,,,,,
20250915,宮島,10,特賞,晴,無風,0,1,3,1,5081,篠 原 飛 翔,60,81,6.77,1,0.24,1.54.8,4-5-1,2490,9,4-5,1450,7,1-4-5,300,2,4-5,790,4,,,,,,,
20250915,宮島,10,特賞,晴,無風,0,1,4,2,5183,中 野 孝 二,29,55,6.80,2,0.35,1.56.5,4-5-1,2490,9,4-5,1450,7,1-4-5,300,2,4-5,790,4,,,,,,,
20250915,宮島,10,特賞,晴,無風,0,1,5,6,5353,草 川 壮 良,26,16,6.77,6,0.14,1.57.9,4-5-1,2490,9,4-5,1450,7,1-4-5,300,2,4-5,790,4,,,,,,,
20250915,宮島,10,特賞,晴,無風,0,1,6,3,5318,河 内 一 馬,61,39,6.79,3,0.35,1.59.2,4-5-1,2490,9,4-5,1450,7,1-4-5,300,2,4-5,790,4,,,,,,,
20250915,宮島,11,特選,曇り,北東,4,4,1,4,5098,大 江 純,66,34,6.80,5,0.20,1.51.8,4-5-3,32320,78,4-5,3760,14,3-4-5,3980,13,4-5,3090,9,,,,,,,
20250915,宮島,11,特選,曇り,北東,4,4,2,5,5010,宇留田 翔 平,15,80,6.81,4,0.17,1.53.4,4-5-3,32320,78,4-5,3760,14,3-4-5,3980,13,4-5,3090,9,,,,,,,
20250915,宮島,11,特選,曇り,北東,4,4,3,3,5166,仲 道 大 輔,22,65,6.77,3,0.32,1.55.0,4-5-3,32320,78,4-5,3760,14,3-4-5,3980,13,4-5,3090,9,,,,,,,
20250915,宮島,11,特選,曇り,北東,4,4,4,1,5216,長谷川 晴 哉,36,30,6.78,1,0.21,1.55.8,4-5-3,32320,78,4-5,3760,14,3-4-5,3980,13,4-5,3090,9,,,,,,,
20250915,宮島,11,特選,曇り,北東,4,4,5,6,5076,石 原 光,19,31,6.79,6,0.19,1.57.4,4-5-3,32320,78,4-5,3760,14,3-4-5,3980,13,4-5,3090,9,,,,,,,
20250915,宮島,11,特選,曇り,北東,4,4,6,2,5053,山 口 広 樹,11,70,6.78,2,0.20,1.58.7,4-5-3,32320,78,4-5,3760,14,3-4-5,3980,13,4-5,3090,9,,,,,,,
20250915,宮島,12,モンタ特選,雨,南西,2,2,1,3,5222,津 田 陸 翔,67,51,6.77,3,0.21,1.50.2,3-1-4,6940,24,3-1,720,3,1-3-4,2620,11,1-3,240,1,,,,,,,
20250915,宮島,12,モンタ特選,雨,南西,2,2,2,1,5114,小 林 孝 彰,72,25,6.78,1,0.23,1.52.3,3-1-4,6940,24,3-1,720,3,1-3-4,2620,11,1-3,240,1,,,,,,,
20250915,宮島,12,モンタ特選,雨,南西,2,2,3,4,5211,高 井 駿 弥,32,54,6.90,4,0.15,1.54.4,3-1-4,6940,24,3-1,720,3,1-3-4,2620,11,1-3,240,1,,,,,,,
20250915,宮島,12,モンタ特選,雨,南西,2,2,4,6,5229,吉 川 晴 人,74,20,6.83,6,0.16,1.55.5,3-1-4,6940,24,3-1,720,3,1-3-4,2620,11,1-3,240,1,,,,,,,
20250915,宮島,12,モンタ特選,雨,南西,2,2,5,5,5105,富 田 恕 生,18,77,6.86,5,0.17,1.56.1,3-1-4,6940,24,3-1,720,3,1-3-4,2620,11,1-3,240,1,,,,,,,
20250915,宮島,12,モンタ特選,雨,南西,2,2,6,2,5239,上 野 俊 樹,21,57,6.80,2,0.30,1.56.8,3-1-4,6940,24,3-1,720,3,1-3-4,2620,11,1-3,240,1,,,,,,,
20250915,平和島,1,予選,曇り,北東,2,3,1,1,3932,池 田 浩 美,39,28,6.75,1,0.15,1.51.4,1-3-6,6000,28,1-3,2380,12,1-3-6,1520,7,1-3,1880,10,,,,,,,
20250915,平和島,1,予選,曇り,北東,2,3,2,3,3797,岩 井 繁,41,18,6.85,3,0.20,1.52.9,1-3-6,6000,28,1-3,2380,12,1-3-6,1520,7,1-3,1880,10,,,,,,,
20250915,平和島,1,予選,曇り,北東,2,3,3,6,4049,荒 川 健 太,44,53,6.81,5,0.20,1.54.4,1-3-6,6000,28,1-3,2380,12,1-3-6,1520,7,1-3,1880,10,,,,,,,
20250915,平和島,1,予選,曇り,北東,2,3,4,2,5294,豊 田 祥 生,54,44,6.76,2,0.26,1.56.0,1-3-6,6000,28,1-3,2380,12,1-3-6,1520,7,1-3,1880,10,,,,,,,
20250915,平和島,1,予選,曇り,北東,2,3,5,4,4036,金 田 諭,50,35,6.82,4,0.17,,1-3-6,6000,28,1-3,2380,12,1-3-6,1520,7,1-3,1880,10,,,,,,,
20250915,平和島,1,予選,曇り,北東,2,3,6,5,5416,龍 田 真 白,11,31,6.92,6,0.18,,1-3-6,6000,28,1-3,2380,12,1-3-6,1520,7,1-3,1880,10,,,,,,,
20250915,平和島,2,予選,曇り,南東,1,3,1,2,5049,松 井 友 汰,61,15,6.79,2,0.12,1.50.1,2-1-3,3340,11,2-1,1350,5,1-2-3,290,1,1-2,460,2,,,,,,,
20250915,平和島,2,予選,曇り,南東,1,3,2,1,5092,篠 原 晟 弥,71,24,6.78,1,0.13,1.51.4,2-1-3,3340,11,2-1,1350,5,1-2-3,290,1,1-2,460,2,,,,,,,
20250915,平和島,2,予選,曇り,南東,1,3,3,3,4960,黒 野 元 基,49,52,6.75,3,0.12,1.53.7,2-1-3,3340,11,2-1,1350,5,1-2-3,290,1,1-2,460,2,,,,,,,
20250915,平和島,2,予選,曇り,南東,1,3,4,4,5020,宮 村 勇 哉,66,54,6.73,4,0.20,1.54.8,2-1-3,3340,11,2-1,1350,5,1-2-3,290,1,1-2,460,2,,,,,,,
20250915,平和島,2,予選,曇り,南東,1,3,5,6,4769,馬 場 剛,13,20,6.83,6,0.16,,2-1-3,3340,11,2-1,1350,5,1-2-3,290,1,1-2,460,2,,,,,,,
20250915,平和島,2,予選,曇り,南東,1,3,6,5,4958,溝 口 海義也,17,33,6.71,5,0.15,,2-1-3,3340,11,2-1,1350,5,1-2-3,290,1,1-2,460,2,,,,,,,
20250915,平和島,3,予選,曇り,北東,1,3,1,1,5066,鈴 木 孝 明,70,13,6.81,1,0.23,1.50.3,1-4-2,4010,17,1-4,1200,6,1-2-4,940,5,1-4,790,5,,,,,,,
20250915,平和島,3,予選,曇り,北東,1,3,2,4,4521,小 池 公 生,19,27,6.89,4,0.16,1.51.3,1-4-2,4010,17,1-4,1200,6,1-2-4,940,5,1-4,790,5,,,,,,,
20250915,平和島,3,予選,曇り,北東,1,3,3,2,4442,松 竹 大 輔,33,26,6.80,2,0.21,1.53.1,1-4-2,4010,17,1-4,1200,6,1-2-4,940,5,1-4,790,5,,,,,,,
20250915,平和島,3,予選,曇り,北東,1,3,4,3,5089,前 田 翔,46,46,6.79,3,0.19,1.53.1,1-4-2,4010,17,1-4,1200,6,1-2-4,940,5,1-4,790,5,,,,,,,
20250915,平和島,3,予選,曇り,北東,1,3,5,6,3645,淺 田 千亜希,73,34,6.93,6,0.08,,1-4-2,4010,17,1-4,1200,6,1-2-4,940,5,1-4,790,5,,,,,,,
20250915,平和島,3,予選,曇り,北東,1,3,6,5,3635,石 田 政 吾,58,12,6.88,5,0.15,,1-4-2,4010,17,1-4,1200,6,1-2-4,940,5,1-4,790,5,,,,,,,
20250915,平和島,4,予選,曇り,北東,1,3,1,1,3613,角 谷 健 吾,57,25,6.80,1,0.18,1.51.1,1-3-2,780,3,1-3,440,2,1-2-3,310,1,1-3,250,1,,,,,,,
20250915,平和島,4,予選,曇り,北東,1,3,2,3,4369,丹 下 将,65,22,6.87,3,0.23,1.53.3,1-3-2,780,3,1-3,440,2,1-2-3,310,1,1-3,250,1,,,,,,,
20250915,平和島,4,予選,曇り,北東,1,3,3,2,5161,登 玉 隼 百,47,40,6.83,2,0.22,1.54.4,1-3-2,780,3,1-3,440,2,1-2-3,310,1,1-3,250,1,,,,,,,
20250915,平和島,4,予選,曇り,北東,1,3,4,5,4385,鈴 木 祐美子,36,14,6.81,5,0.21,1.55.6,1-3-2,780,3,1-3,440,2,1-2-3,310,1,1-3,250,1,,,,,,,
20250915,平和島,4,予選,曇り,北東,1,3,5,4,3158,島 川 光 男,51,49,6.86,4,0.19,,1-3-2,780,3,1-3,440,2,1-2-3,310,1,1-3,250,1,,,,,,,
20250915,平和島,4,予選,曇り,北東,1,3,6,6,5334,樫 葉 新 心,69,30,6.90,6,0.18,,1-3-2,780,3,1-3,440,2,1-2-3,310,1,1-3,250,1,,,,,,,
20250915,平和島,5,東京ベイラン,曇り,北東,2,3,1,2,3993,永 井 聖 美,64,50,6.81,2,0.10,1.50.7,2-1-5,11890,31,2-1,1470,6,1-2-5,1030,5,1-2,310,2,,,,,,,
20250915,平和島,5,東京ベイラン,曇り,北東,2,3,2,1,4278,藤 岡 俊 介,37,45,6.84,1,0.04,1.52.1,2-1-5,11890,31,2-1,1470,6,1-2-5,1030,5,1-2,310,2,,,,,,,
20250915,平和島,5,東京ベイラン,曇り,北東,2,3,3,5,3430,角 浜 修,38,39,6.82,5,0.17,1.54.3,2-1-5,11890,31,2-1,1470,6,1-2-5,1030,5,1-2,310,2,,,,,,,
20250915,平和島,5,東京ベイラン,曇り,北東,2,3,4,3,5244,黒 田 剛,18,32,6.80,3,0.12,1.55.6,2-1-5,11890,31,2-1,1470,6,1-2-5,1030,5,1-2,310,2,,,,,,,
20250915,平和島,5,東京ベイラン,曇り,北東,2,3,5,4,4735,角 山 雄 哉,40,37,6.74,4,0.05,,2-1-5,11890,31,2-1,1470,6,1-2-5,1030,5,1-2,310,2,,,,,,,
20250915,平和島,5,東京ベイラン,曇り,北東,2,3,6,6,4368,山 口 隆 史,21,57,6.81,6,0.16,,2-1-5,11890,31,2-1,1470,6,1-2-5,1030,5,1-2,310,2,,,,,,,
20250915,平和島,6,予選,曇り,南東,1,3,1,4,4645,上 村 純 一,72,55,6.73,4,0.08,1.50.1,4-3-2,4370,19,4-3,2160,9,2-3-4,430,1,3-4,970,5,,,,,,,
20250915,平和島,6,予選,曇り,南東,1,3,2,3,5126,山 下 大 輝,45,47,6.76,3,0.16,1.51.7,4-3-2,4370,19,4-3,2160,9,2-3-4,430,1,3-4,970,5,,,,,,,
20250915,平和島,6,予選,曇り,南東,1,3,3,2,4939,宮之原 輝 紀,22,51,6.83,2,0.16,1.53.5,4-3-2,4370,19,4-3,2160,9,2-3-4,430,1,3-4,970,5,,,,,,,
20250915,平和島,6,予選,曇り,南東,1,3,4,1,4113,木 村 浩 士,16,16,6.83,1,0.13,1.55.3,4-3-2,4370,19,4-3,2160,9,2-3-4,430,1,3-4,970,5,,,,,,,
20250915,平和島,6,予選,曇り,南東,1,3,5,6,5416,龍 田 真 白,11,31,6.78,6,0.32,,4-3-2,4370,19,4-3,2160,9,2-3-4,430,1,3-4,970,5,,,,,,,
20250915,平和島,6,予選,曇り,南東,1,3,6,5,3909,佐々木 康 幸,48,48,6.82,5,0.16,,4-3-2,4370,19,4-3,2160,9,2-3-4,430,1,3-4,970,5,,,,,,,
20250915,平和島,7,予選,曇り,南東,1,3,1,2,4521,小 池 公 生,19,27,6.87,3,0.09,1.49.8,2-3-4,3100,6,2-3,820,3,2-3-4,770,2,2-3,490,1,,,,,,,
20250915,平和島,7,予選,曇り,南東,1,3,2,3,5049,松 井 友 汰,61,15,6.84,4,0.04,1.51.5,2-3-4,3100,6,2-3,820,3,2-3-4,770,2,2-3,490,1,,,,,,,
20250915,平和島,7,予選,曇り,南東,1,3,3,4,4049,荒 川 健 太,44,53,6.87,5,0.14,1.53.5,2-3-4,3100,6,2-3,820,3,2-3-4,770,2,2-3,490,1,,,,,,,
20250915,平和島,7,予選,曇り,南東,1,3,4,5,3920,正 木 聖 賢,30,23,6.84,2,0.12,1.54.5,2-3-4,3100,6,2-3,820,3,2-3-4,770,2,2-3,490,1,,,,,,,
20250915,平和島,7,予選,曇り,南東,1,3,5,6,4514,上 條 嘉 嗣,75,21,6.81,6,0.19,,2-3-4,3100,6,2-3,820,3,2-3-4,770,2,2-3,490,1,,,,,,,
20250915,平和島,7,予選,曇り,南東,1,3,6,1,4725,佐 竹 太 一,67,29,6.83,1,0.29,,2-3-4,3100,6,2-3,820,3,2-3-4,770,2,2-3,490,1,,,,,,,
20250915,平和島,8,ベイブレイク,曇り,南東,1,3,1,1,4958,溝 口 海義也,17,33,6.83,1,0.19,1.50.8,1-4-5,1260,4,1-4,310,1,1-4-5,500,3,1-4,200,1,,,,,,,
20250915,平和島,8,ベイブレイク,曇り,南東,1,3,2,4,4184,渡 邊 雄一郎,28,19,6.79,4,0.17,1.52.1,1-4-5,1260,4,1-4,310,1,1-4-5,500,3,1-4,200,1,,,,,,,
20250915,平和島,8,ベイブレイク,曇り,南東,1,3,3,5,3932,池 田 浩 美,39,28,6.91,5,0.16,1.53.9,1-4-5,1260,4,1-4,310,1,1-4-5,500,3,1-4,200,1,,,,,,,
20250915,平和島,8,ベイブレイク,曇り,南東,1,3,4,2,4339,平 瀬 城 啓,24,56,6.88,2,0.17,1.54.9,1-4-5,1260,4,1-4,310,1,1-4-5,500,3,1-4,200,1,,,,,,,
20250915,平和島,8,ベイブレイク,曇り,南東,1,3,5,6,4022,待 鳥 雄 紀,35,36,7.00,6,0.12,,1-4-5,1260,4,1-4,310,1,1-4-5,500,3,1-4,200,1,,,,,,,
20250915,平和島,8,ベイブレイク,曇り,南東,1,3,6,3,3730,塩 崎 優 司,15,17,6.91,3,0.14,,1-4-5,1260,4,1-4,310,1,1-4-5,500,3,1-4,200,1,,,,,,,
20250915,平和島,9,予選特賞,曇り,東,2,3,1,2,5092,篠 原 晟 弥,71,24,6.82,2,0.18,1.51.2,2-1-3,1400,3,2-1,530,2,1-2-3,480,1,1-2,180,1,,,,,,,
20250915,平和島,9,予選特賞,曇り,東,2,3,2,1,3158,島 川 光 男,51,49,6.79,1,0.12,1.52.5,2-1-3,1400,3,2-1,530,2,1-2-3,480,1,1-2,180,1,,,,,,,
20250915,平和島,9,予選特賞,曇り,東,2,3,3,3,4117,廣 中 智紗衣,31,11,6.80,3,0.19,1.53.5,2-1-3,1400,3,2-1,530,2,1-2-3,480,1,1-2,180,1,,,,,,,
20250915,平和島,9,予選特賞,曇り,東,2,3,4,6,5089,前 田 翔,46,46,6.83,6,0.14,1.55.2,2-1-3,1400,3,2-1,530,2,1-2-3,480,1,1-2,180,1,,,,,,,
20250915,平和島,9,予選特賞,曇り,東,2,3,5,5,5102,原 田 雄 次,52,38,6.88,5,0.15,,2-1-3,1400,3,2-1,530,2,1-2-3,480,1,1-2,180,1,,,,,,,
20250915,平和島,9,予選特賞,曇り,東,2,3,6,4,5294,豊 田 祥 生,54,44,6.79,4,0.12,,2-1-3,1400,3,2-1,530,2,1-2-3,480,1,1-2,180,1,,,,,,,
20250915,平和島,10,予選特賞,曇り,南東,1,3,1,1,5126,山 下 大 輝,45,47,6.86,1,0.00,1.51.4,1-4-2,1740,6,1-4,360,1,1-2-4,720,3,1-4,270,1,,,,,,,
20250915,平和島,10,予選特賞,曇り,南東,1,3,2,4,4278,藤 岡 俊 介,37,45,6.93,4,0.11,1.52.7,1-4-2,1740,6,1-4,360,1,1-2-4,720,3,1-4,270,1,,,,,,,
20250915,平和島,10,予選特賞,曇り,南東,1,3,3,2,5020,宮 村 勇 哉,66,54,6.79,2,0.04,1.53.0,1-4-2,1740,6,1-4,360,1,1-2-4,720,3,1-4,270,1,,,,,,,
20250915,平和島,10,予選特賞,曇り,南東,1,3,4,5,3613,角 谷 健 吾,57,25,6.94,5,0.09,1.54.5,1-4-2,1740,6,1-4,360,1,1-2-4,720,3,1-4,270,1,,,,,,,
20250915,平和島,10,予選特賞,曇り,南東,1,3,5,6,3797,岩 井 繁,41,18,6.89,6,0.09,,1-4-2,1740,6,1-4,360,1,1-2-4,720,3,1-4,270,1,,,,,,,
20250915,平和島,10,予選特賞,曇り,南東,1,3,6,3,3635,石 田 政 吾,58,12,6.98,3,0.06,,1-4-2,1740,6,1-4,360,1,1-2-4,720,3,1-4,270,1,,,,,,,
20250915,平和島,11,予選特選,曇り,南東,2,3,1,3,4735,角 山 雄 哉,40,37,6.84,3,0.08,1.50.0,3-6-4,31320,84,3-6,10110,25,3-4-6,2280,12,3-6,5190,15,,,,,,,
20250915,平和島,11,予選特選,曇り,南東,2,3,2,6,4960,黒 野 元 基,49,52,6.83,6,0.09,1.52.3,3-6-4,31320,84,3-6,10110,25,3-4-6,2280,12,3-6,5190,15,,,,,,,
20250915,平和島,11,予選特選,曇り,南東,2,3,3,4,5066,鈴 木 孝 明,70,13,6.85,4,0.07,1.52.8,3-6-4,31320,84,3-6,10110,25,3-4-6,2280,12,3-6,5190,15,,,,,,,
20250915,平和島,11,予選特選,曇り,南東,2,3,4,1,3909,佐々木 康 幸,48,48,6.85,1,0.08,1.53.2,3-6-4,31320,84,3-6,10110,25,3-4-6,2280,12,3-6,5190,15,,,,,,,
20250915,平和島,11,予選特選,曇り,南東,2,3,5,2,4369,丹 下 将,65,22,6.91,2,0.12,,3-6-4,31320,84,3-6,10110,25,3-4-6,2280,12,3-6,5190,15,,,,,,,
20250915,平和島,11,予選特選,曇り,南東,2,3,6,5,4036,金 田 諭,50,35,6.84,5,0.10,,3-6-4,31320,84,3-6,10110,25,3-4-6,2280,12,3-6,5190,15,,,,,,,
20250915,平和島,12,記者選抜,曇り,東,1,3,1,1,4939,宮之原 輝 紀,22,51,6.94,1,0.11,1.50.7,1-2-6,1930,8,1-2,250,1,1-2-6,910,5,1-2,320,2,,,,,,,
20250915,平和島,12,記者選抜,曇り,東,1,3,2,2,4769,馬 場 剛,13,20,6.95,2,0.16,1.52.0,1-2-6,1930,8,1-2,250,1,1-2-6,910,5,1-2,320,2,,,,,,,
20250915,平和島,12,記者選抜,曇り,東,1,3,3,6,4442,松 竹 大 輔,33,26,6.91,6,0.16,1.53.4,1-2-6,1930,8,1-2,250,1,1-2-6,910,5,1-2,320,2,,,,,,,
20250915,平和島,12,記者選抜,曇り,東,1,3,4,3,5161,登 玉 隼 百,47,40,6.85,3,0.12,1.54.6,1-2-6,1930,8,1-2,250,1,1-2-6,910,5,1-2,320,2,,,,,,,
20250915,平和島,12,記者選抜,曇り,東,1,3,5,5,4725,佐 竹 太 一,67,29,6.85,5,0.15,,1-2-6,1930,8,1-2,250,1,1-2-6,910,5,1-2,320,2,,,,,,,
20250915,平和島,12,記者選抜,曇り,東,1,3,6,4,3430,角 浜 修,38,39,6.84,4,0.19,,1-2-6,1930,8,1-2,250,1,1-2-6,910,5,1-2,320,2,,,,,,,
20250915,戸田,1,一般戦,曇り,北東,1,1,1,1,4182,吉 田 和 仁,32,54,6.76,1,0.13,1.50.7,1-3-2,1590,1,1-3,620,1,1-2-3,280,1,1-3,430,1,,,,,,,
20250915,戸田,1,一般戦,曇り,北東,1,1,2,3,4589,塩 崎 桐 加,17,48,6.80,3,0.15,1.52.4,1-3-2,1590,1,1-3,620,1,1-2-3,280,1,1-3,430,1,,,,,,,
20250915,戸田,1,一般戦,曇り,北東,1,1,3,2,4128,川 口 貴 久,59,27,6.84,2,0.18,1.54.1,1-3-2,1590,1,1-3,620,1,1-2-3,280,1,1-3,430,1,,,,,,,
20250915,戸田,1,一般戦,曇り,北東,1,1,4,4,5171,清 水 未 唯,2,46,6.83,4,0.08,1.54.8,1-3-2,1590,1,1-3,620,1,1-2-3,280,1,1-3,430,1,,,,,,,
20250915,戸田,1,一般戦,曇り,北東,1,1,5,6,4252,松 下 哲 也,65,55,6.88,5,0.16,,1-3-2,1590,1,1-3,620,1,1-2-3,280,1,1-3,430,1,,,,,,,
20250915,戸田,1,一般戦,曇り,北東,1,1,6,5,5399,長 野 未 来,25,33,6.87,6,0.20,,1-3-2,1590,1,1-3,620,1,1-2-3,280,1,1-3,430,1,,,,,,,
20250915,戸田,2,一般戦,晴,北東,3,2,1,2,5220,青 木 蓮,23,77,6.72,2,0.05,1.50.2,2-3-5,850,1,2-3,420,1,2-3-5,330,1,2-3,260,1,,,,,,,
20250915,戸田,2,一般戦,晴,北東,3,2,2,3,4977,馬 野 耀,61,51,6.73,3,0.03,1.51.1,2-3-5,850,1,2-3,420,1,2-3-5,330,1,2-3,260,1,,,,,,,
20250915,戸田,2,一般戦,晴,北東,3,2,3,5,3489,大 場 敏,53,19,6.74,5,0.15,1.51.2,2-3-5,850,1,2-3,420,1,2-3-5,330,1,2-3,260,1,,,,,,,
20250915,戸田,2,一般戦,晴,北東,3,2,4,6,4665,加 藤 啓 太,7,18,6.75,6,0.16,1.53.5,2-3-5,850,1,2-3,420,1,2-3-5,330,1,2-3,260,1,,,,,,,
20250915,戸田,2,一般戦,晴,北東,3,2,5,1,3950,石 川 哲 秀,26,36,6.78,1,0.11,,2-3-5,850,1,2-3,420,1,2-3-5,330,1,2-3,260,1,,,,,,,
20250915,戸田,2,一般戦,晴,北東,3,2,6,4,5327,西 田 和 加,28,25,6.77,4,0.18,,2-3-5,850,1,2-3,420,1,2-3-5,330,1,2-3,260,1,,,,,,,
20250915,戸田,3,一般戦,晴,東,3,2,1,4,4311,岡 村 仁,60,44,6.85,4,0.11,1.50.2,4-3-5,1510,4,4-3,720,2,3-4-5,340,1,3-4,250,1,,,,,,,
20250915,戸田,3,一般戦,晴,東,3,2,2,3,4118,宇佐見 淳,14,43,6.83,3,0.13,1.51.6,4-3-5,1510,4,4-3,720,2,3-4-5,340,1,3-4,250,1,,,,,,,
20250915,戸田,3,一般戦,晴,東,3,2,3,5,4011,堀之内 紀代子,52,49,6.72,5,0.10,1.53.0,4-3-5,1510,4,4-3,720,2,3-4-5,340,1,3-4,250,1,,,,,,,
20250915,戸田,3,一般戦,晴,東,3,2,4,1,4491,田 中 堅,12,50,6.77,1,0.25,1.54.4,4-3-5,1510,4,4-3,720,2,3-4-5,340,1,3-4,250,1,,,,,,,
20250915,戸田,3,一般戦,晴,東,3,2,5,2,4813,宮 内 直 哉,56,39,6.78,2,0.33,,4-3-5,1510,4,4-3,720,2,3-4-5,340,1,3-4,250,1,,,,,,,
20250915,戸田,3,一般戦,晴,東,3,2,6,6,4268,和 合 俊 介,27,41,6.84,6,0.16,,4-3-5,1510,4,4-3,720,2,3-4-5,340,1,3-4,250,1,,,,,,,
20250915,戸田,4,一般戦,曇り,無風,0,0,1,1,3582,吉 川 昭 男,15,68,6.77,1,0.11,1.51.2,1-4-3,3930,12,1-4,1000,4,1-3-4,1420,5,1-4,810,3,,,,,,,
20250915,戸田,4,一般戦,曇り,無風,0,0,2,4,4318,桑 原 将 光,20,74,6.83,4,0.13,1.52.1,1-4-3,3930,12,1-4,1000,4,1-3-4,1420,5,1-4,810,3,,,,,,,
20250915,戸田,4,一般戦,曇り,無風,0,0,3,3,3297,藤 丸 光 一,18,21,6.74,3,0.12,1.53.2,1-4-3,3930,12,1-4,1000,4,1-3-4,1420,5,1-4,810,3,,,,,,,
20250915,戸田,4,一般戦,曇り,無風,0,0,4,5,3566,川 添 英 正,24,71,6.86,5,0.20,1.53.6,1-4-3,3930,12,1-4,1000,4,1-3-4,1420,5,1-4,810,3,,,,,,,
20250915,戸田,4,一般戦,曇り,無風,0,0,5,2,4230,濱 崎 直 矢,58,59,6.90,2,0.09,,1-4-3,3930,12,1-4,1000,4,1-3-4,1420,5,1-4,810,3,,,,,,,
20250915,戸田,4,一般戦,曇り,無風,0,0,6,6,5269,山 口 晃 朋,19,69,6.75,6,0.18,,1-4-3,3930,12,1-4,1000,4,1-3-4,1420,5,1-4,810,3,,,,,,,
20250915,戸田,5,ウインウイン,曇り,東,2,1,1,1,4788,小 池 哲 也,3,14,6.89,1,0.13,1.50.2,1-2-5,2360,9,1-2,790,4,1-2-5,860,5,1-2,730,4,,,,,,,
20250915,戸田,5,ウインウイン,曇り,東,2,1,2,2,3306,武 田 正 紀,62,20,6.79,2,0.13,1.51.5,1-2-5,2360,9,1-2,790,4,1-2-5,860,5,1-2,730,4,,,,,,,
20250915,戸田,5,ウインウイン,曇り,東,2,1,3,5,3947,寺 本 昇 平,9,53,6.80,3,0.16,1.52.2,1-2-5,2360,9,1-2,790,4,1-2-5,860,5,1-2,730,4,,,,,,,
20250915,戸田,5,ウインウイン,曇り,東,2,1,4,6,3361,岡 部 浩,31,72,6.85,6,0.29,1.54.6,1-2-5,2360,9,1-2,790,4,1-2-5,860,5,1-2,730,4,,,,,,,
20250915,戸田,5,ウインウイン,曇り,東,2,1,5,4,4930,佐 藤 悠,57,63,6.77,5,0.19,,1-2-5,2360,9,1-2,790,4,1-2-5,860,5,1-2,730,4,,,,,,,
20250915,戸田,5,ウインウイン,曇り,東,2,1,6,3,4252,松 下 哲 也,65,55,6.87,4,0.19,,1-2-5,2360,9,1-2,790,4,1-2-5,860,5,1-2,730,4,,,,,,,
20250915,戸田,6,一般戦,晴,南東,2,1,1,2,4193,郷 原 章 平,10,73,6.75,2,0.16,1.50.3,2-1-4,4120,20,2-1,800,3,1-2-4,1370,6,1-2,420,2,,,,,,,
20250915,戸田,6,一般戦,晴,南東,2,1,2,1,4395,下 河 雅 史,6,16,6.84,1,0.20,1.51.5,2-1-4,4120,20,2-1,800,3,1-2-4,1370,6,1-2,420,2,,,,,,,
20250915,戸田,6,一般戦,晴,南東,2,1,3,4,4665,加 藤 啓 太,7,18,6.85,4,0.20,1.53.1,2-1-4,4120,20,2-1,800,3,1-2-4,1370,6,1-2,420,2,,,,,,,
20250915,戸田,6,一般戦,晴,南東,2,1,4,5,3505,山 田 竜 一,5,56,6.90,5,0.18,1.54.7,2-1-4,4120,20,2-1,800,3,1-2-4,1370,6,1-2,420,2,,,,,,,
20250915,戸田,6,一般戦,晴,南東,2,1,5,3,3489,大 場 敏,53,19,6.68,3,0.17,,2-1-4,4120,20,2-1,800,3,1-2-4,1370,6,1-2,420,2,,,,,,,
20250915,戸田,6,一般戦,晴,南東,2,1,6,6,5399,長 野 未 来,25,33,6.84,6,0.23,,2-1-4,4120,20,2-1,800,3,1-2-4,1370,6,1-2,420,2,,,,,,,
20250915,戸田,7,ウインウイン,曇り,無風,0,0,1,1,3900,香 川 素 子,16,70,6.73,1,0.08,1.49.7,1-2-5,2320,8,1-2,410,2,1-2-5,1080,5,1-2,400,2,,,,,,,
20250915,戸田,7,ウインウイン,曇り,無風,0,0,2,2,4589,塩 崎 桐 加,17,48,6.79,2,0.07,1.52.6,1-2-5,2320,8,1-2,410,2,1-2-5,1080,5,1-2,400,2,,,,,,,
20250915,戸田,7,ウインウイン,曇り,無風,0,0,3,5,5310,土 屋 蘭,21,31,6.83,5,0.17,1.53.3,1-2-5,2320,8,1-2,410,2,1-2-5,1080,5,1-2,400,2,,,,,,,
20250915,戸田,7,ウインウイン,曇り,無風,0,0,4,4,4011,堀之内 紀代子,52,49,6.72,4,0.13,1.54.3,1-2-5,2320,8,1-2,410,2,1-2-5,1080,5,1-2,400,2,,,,,,,
20250915,戸田,7,ウインウイン,曇り,無風,0,0,5,3,5171,清 水 未 唯,2,46,6.85,3,0.28,,1-2-5,2320,8,1-2,410,2,1-2-5,1080,5,1-2,400,2,,,,,,,
20250915,戸田,7,ウインウイン,曇り,無風,0,0,6,6,5327,西 田 和 加,28,25,6.83,6,0.21,,1-2-5,2320,8,1-2,410,2,1-2-5,1080,5,1-2,400,2,,,,,,,
20250915,戸田,8,一般戦,曇り,南東,2,1,1,2,4977,馬 野 耀,61,51,6.85,3,0.10,1.50.4,2-6-5,4520,17,2-6,740,3,2-5-6,1670,9,2-6,510,2,,,,,,,
20250915,戸田,8,一般戦,曇り,南東,2,1,2,6,4535,北 山 康 介,8,62,6.79,6,0.13,1.52.0,2-6-5,4520,17,2-6,740,3,2-5-6,1670,9,2-6,510,2,,,,,,,
20250915,戸田,8,一般戦,曇り,南東,2,1,3,5,3950,石 川 哲 秀,26,36,6.83,2,0.17,1.53.9,2-6-5,4520,17,2-6,740,3,2-5-6,1670,9,2-6,510,2,,,,,,,
20250915,戸田,8,一般戦,曇り,南東,2,1,4,1,3297,藤 丸 光 一,18,21,6.72,1,0.12,1.54.8,2-6-5,4520,17,2-6,740,3,2-5-6,1670,9,2-6,510,2,,,,,,,
20250915,戸田,8,一般戦,曇り,南東,2,1,5,4,4813,宮 内 直 哉,56,39,6.79,5,0.16,,2-6-5,4520,17,2-6,740,3,2-5-6,1670,9,2-6,510,2,,,,,,,
20250915,戸田,8,一般戦,曇り,南東,2,1,6,3,4182,吉 田 和 仁,32,54,6.86,4,0.19,,2-6-5,4520,17,2-6,740,3,2-5-6,1670,9,2-6,510,2,,,,,,,
20250915,戸田,9,戸田特選,曇り,南東,3,2,1,6,4118,宇佐見 淳,14,43,6.87,6,0.12,1.50.0,6-2-1,5310,20,6-2,2550,12,1-2-6,390,1,2-6,1040,4,,,,,,,
20250915,戸田,9,戸田特選,曇り,南東,3,2,2,2,3566,川 添 英 正,24,71,6.82,2,0.21,1.51.4,6-2-1,5310,20,6-2,2550,12,1-2-6,390,1,2-6,1040,4,,,,,,,
20250915,戸田,9,戸田特選,曇り,南東,3,2,3,1,4318,桑 原 将 光,20,74,6.80,1,0.21,1.53.7,6-2-1,5310,20,6-2,2550,12,1-2-6,390,1,2-6,1040,4,,,,,,,
20250915,戸田,9,戸田特選,曇り,南東,3,2,4,3,5061,中 村 駿 平,63,57,6.84,3,0.19,1.55.3,6-2-1,5310,20,6-2,2550,12,1-2-6,390,1,2-6,1040,4,,,,,,,
20250915,戸田,9,戸田特選,曇り,南東,3,2,5,5,4491,田 中 堅,12,50,6.85,5,0.32,,6-2-1,5310,20,6-2,2550,12,1-2-6,390,1,2-6,1040,4,,,,,,,
20250915,戸田,9,戸田特選,曇り,南東,3,2,6,4,4128,川 口 貴 久,59,27,6.88,4,0.18,,6-2-1,5310,20,6-2,2550,12,1-2-6,390,1,2-6,1040,4,,,,,,,
20250915,戸田,10,選抜戦,曇り,南東,3,2,1,3,5220,青 木 蓮,23,77,6.75,4,0.04,1.50.9,3-5-4,16430,53,3-5,3430,14,3-4-5,4120,14,3-5,1980,10,,,,,,,
20250915,戸田,10,選抜戦,曇り,南東,3,2,2,5,4395,下 河 雅 史,6,16,6.80,6,0.10,1.51.8,3-5-4,16430,53,3-5,3430,14,3-4-5,4120,14,3-5,1980,10,,,,,,,
20250915,戸田,10,選抜戦,曇り,南東,3,2,3,4,3306,武 田 正 紀,62,20,6.79,5,0.10,1.53.1,3-5-4,16430,53,3-5,3430,14,3-4-5,4120,14,3-5,1980,10,,,,,,,
20250915,戸田,10,選抜戦,曇り,南東,3,2,4,1,3947,寺 本 昇 平,9,53,6.75,1,0.11,1.54.3,3-5-4,16430,53,3-5,3430,14,3-4-5,4120,14,3-5,1980,10,,,,,,,
20250915,戸田,10,選抜戦,曇り,南東,3,2,5,2,4311,岡 村 仁,60,44,6.78,3,0.14,,3-5-4,16430,53,3-5,3430,14,3-4-5,4120,14,3-5,1980,10,,,,,,,
20250915,戸田,10,選抜戦,曇り,南東,3,2,6,6,3582,吉 川 昭 男,15,68,6.85,2,0.07,,3-5-4,16430,53,3-5,3430,14,3-4-5,4120,14,3-5,1980,10,,,,,,,
20250915,戸田,11,選抜戦,曇り,南東,3,2,1,2,4930,佐 藤 悠,57,63,6.66,2,0.11,1.50.1,2-1-6,9070,45,2-1,1300,5,1-2-6,2360,12,1-2,550,1,,,,,,,
20250915,戸田,11,選抜戦,曇り,南東,3,2,2,1,3505,山 田 竜 一,5,56,6.86,1,0.09,1.51.9,2-1-6,9070,45,2-1,1300,5,1-2-6,2360,12,1-2,550,1,,,,,,,
20250915,戸田,11,選抜戦,曇り,南東,3,2,3,6,4788,小 池 哲 也,3,14,6.87,6,0.21,1.53.3,2-1-6,9070,45,2-1,1300,5,1-2-6,2360,12,1-2,550,1,,,,,,,
20250915,戸田,11,選抜戦,曇り,南東,3,2,4,3,4193,郷 原 章 平,10,73,6.84,3,0.16,1.53.5,2-1-6,9070,45,2-1,1300,5,1-2-6,2360,12,1-2,550,1,,,,,,,
20250915,戸田,11,選抜戦,曇り,南東,3,2,5,4,3900,香 川 素 子,16,70,6.65,4,0.17,,2-1-6,9070,45,2-1,1300,5,1-2-6,2360,12,1-2,550,1,,,,,,,
20250915,戸田,11,選抜戦,曇り,南東,3,2,6,5,4230,濱 崎 直 矢,58,59,6.84,5,0.15,,2-1-6,9070,45,2-1,1300,5,1-2-6,2360,12,1-2,550,1,,,,,,,
20250915,戸田,12,優勝戦,曇り,東,3,3,1,6,4903,吉 田 凌太朗,64,42,6.82,6,0.19,1.49.5,6-2-1,46090,105,6-2,9390,29,1-2-6,1730,9,2-6,4190,15,,,,,,,
20250915,戸田,12,優勝戦,曇り,東,3,3,2,2,4538,笠 置 博 之,29,65,6.73,2,0.24,1.51.5,6-2-1,46090,105,6-2,9390,29,1-2-6,1730,9,2-6,4190,15,,,,,,,
20250915,戸田,12,優勝戦,曇り,東,3,3,3,1,4551,三 川 昂 暁,13,75,6.69,1,0.22,1.52.4,6-2-1,46090,105,6-2,9390,29,1-2-6,1730,9,2-6,4190,15,,,,,,,
20250915,戸田,12,優勝戦,曇り,東,3,3,4,5,3792,田 中 豪,4,66,6.82,5,0.23,1.53.6,6-2-1,46090,105,6-2,9390,29,1-2-6,1730,9,2-6,4190,15,,,,,,,
20250915,戸田,12,優勝戦,曇り,東,3,3,5,3,4704,河 野 大,1,45,6.76,3,0.27,,6-2-1,46090,105,6-2,9390,29,1-2-6,1730,9,2-6,4190,15,,,,,,,
20250915,戸田,12,優勝戦,曇り,東,3,3,6,4,4225,土 屋 千 明,11,12,6.74,4,0.17,,6-2-1,46090,105,6-2,9390,29,1-2-6,1730,9,2-6,4190,15,,,,,,,
20250915,江戸川,1,予選,曇り,北東,3,5,1,1,4093,吉 田 宗 弘,24,18,6.79,1,0.28,1.53.4,1-3-5,3450,13,1-3,370,1,1-3-5,1220,4,1-3,180,1,,,,,,,
20250915,江戸川,1,予選,曇り,北東,3,5,2,3,3752,宇 土 泰 就,14,58,6.79,3,0.15,1.54.7,1-3-5,3450,13,1-3,370,1,1-3-5,1220,4,1-3,180,1,,,,,,,
20250915,江戸川,1,予選,曇り,北東,3,5,3,5,5385,鈴 木 柊 介,34,66,6.89,5,0.14,1.56.5,1-3-5,3450,13,1-3,370,1,1-3-5,1220,4,1-3,180,1,,,,,,,
20250915,江戸川,1,予選,曇り,北東,3,5,4,2,5350,網 代 良 芽,45,15,6.72,2,0.22,1.57.3,1-3-5,3450,13,1-3,370,1,1-3-5,1220,4,1-3,180,1,,,,,,,
20250915,江戸川,1,予選,曇り,北東,3,5,5,4,5356,長谷川 暖,32,57,6.78,4,0.17,,1-3-5,3450,13,1-3,370,1,1-3-5,1220,4,1-3,180,1,,,,,,,
20250915,江戸川,1,予選,曇り,北東,3,5,6,6,5304,井 田 涼 介,46,52,6.77,6,0.22,,1-3-5,3450,13,1-3,370,1,1-3-5,1220,4,1-3,180,1,,,,,,,
20250915,江戸川,2,予選,曇り,北東,3,5,1,1,3907,村 越 篤,57,53,6.78,1,0.05,1.52.2,1-5-6,5050,19,1-5,610,3,1-5-6,2510,9,1-5,390,2,,,,,,,
20250915,江戸川,2,予選,曇り,北東,3,5,2,5,4040,廣 瀬 将 亨,47,46,6.78,5,0.13,1.53.7,1-5-6,5050,19,1-5,610,3,1-5-6,2510,9,1-5,390,2,,,,,,,
20250915,江戸川,2,予選,曇り,北東,3,5,3,6,4106,坂 井 康 嗣,56,71,6.93,6,0.14,1.55.5,1-5-6,5050,19,1-5,610,3,1-5-6,2510,9,1-5,390,2,,,,,,,
20250915,江戸川,2,予選,曇り,北東,3,5,4,2,5185,加 藤 優 弥,49,31,6.78,2,0.05,1.55.6,1-5-6,5050,19,1-5,610,3,1-5-6,2510,9,1-5,390,2,,,,,,,
20250915,江戸川,2,予選,曇り,北東,3,5,5,4,5115,香 川 颯 太,53,26,6.68,4,0.08,,1-5-6,5050,19,1-5,610,3,1-5-6,2510,9,1-5,390,2,,,,,,,
20250915,江戸川,2,予選,曇り,北東,3,5,6,3,4023,柴 田 友 和,61,30,6.74,3,0.06,,1-5-6,5050,19,1-5,610,3,1-5-6,2510,9,1-5,390,2,,,,,,,
20250915,江戸川,3,予選,曇り,北東,3,5,1,1,5259,野 田 昇 吾,58,25,6.86,1,0.00,1.53.2,1-6-2,4100,16,1-6,910,3,1-2-6,1020,6,1-6,530,3,,,,,,,
20250915,江戸川,3,予選,曇り,北東,3,5,2,6,4013,中 島 孝 平,41,60,6.92,6,0.06,1.54.3,1-6-2,4100,16,1-6,910,3,1-2-6,1020,6,1-6,530,3,,,,,,,
20250915,江戸川,3,予選,曇り,北東,3,5,3,2,5258,仲 本 舜,33,20,6.84,2,0.13,1.56.6,1-6-2,4100,16,1-6,910,3,1-2-6,1020,6,1-6,530,3,,,,,,,
20250915,江戸川,3,予選,曇り,北東,3,5,4,3,3655,本 橋 克 洋,52,45,6.89,3,0.05,1.57.1,1-6-2,4100,16,1-6,910,3,1-2-6,1020,6,1-6,530,3,,,,,,,
20250915,江戸川,3,予選,曇り,北東,3,5,5,4,5349,宮 崎 奏 磨,26,69,6.82,4,0.05,,1-6-2,4100,16,1-6,910,3,1-2-6,1020,6,1-6,530,3,,,,,,,
20250915,江戸川,3,予選,曇り,北東,3,5,6,5,4196,田 中 太一郎,28,19,7.00,5,0.03,,1-6-2,4100,16,1-6,910,3,1-2-6,1020,6,1-6,530,3,,,,,,,
20250915,江戸川,4,予選,曇り,南東,3,5,1,1,4076,杉 田 篤 光,67,16,6.79,1,0.12,1.52.0,1-2-4,1310,3,1-2,310,1,1-2-4,570,3,1-2,240,1,,,,,,,
20250915,江戸川,4,予選,曇り,南東,3,5,2,2,4842,山 下 昂 大,35,10,6.82,2,0.13,1.52.7,1-2-4,1310,3,1-2,310,1,1-2-4,570,3,1-2,240,1,,,,,,,
20250915,江戸川,4,予選,曇り,南東,3,5,3,4,4865,立 具 敬 司,65,13,6.81,4,0.15,1.55.2,1-2-4,1310,3,1-2,310,1,1-2-4,570,3,1-2,240,1,,,,,,,
20250915,江戸川,4,予選,曇り,南東,3,5,4,6,4495,森 晋太郎,48,21,6.81,6,0.11,1.56.7,1-2-4,1310,3,1-2,310,1,1-2-4,570,3,1-2,240,1,,,,,,,
20250915,江戸川,4,予選,曇り,南東,3,5,5,3,4465,大 西 賢,16,27,6.78,3,0.18,,1-2-4,1310,3,1-2,310,1,1-2-4,570,3,1-2,240,1,,,,,,,
20250915,江戸川,4,予選,曇り,南東,3,5,6,5,5354,渡 邊 雄 斗,66,17,6.79,5,0.17,,1-2-4,1310,3,1-2,310,1,1-2-4,570,3,1-2,240,1,,,,,,,
20250915,江戸川,5,予選,曇り,北東,4,5,1,2,5187,小 坂 風 太,54,50,6.75,2,0.17,1.52.5,2-4-1,8890,39,2-4,3190,14,1-2-4,720,4,2-4,1250,6,,,,,,,
20250915,江戸川,5,予選,曇り,北東,4,5,2,4,4486,野 村 誠,62,36,6.80,4,0.19,1.53.4,2-4-1,8890,39,2-4,3190,14,1-2-4,720,4,2-4,1250,6,,,,,,,
20250915,江戸川,5,予選,曇り,北東,4,5,3,1,5299,西 丸 敦 基,68,24,6.69,1,0.23,1.54.7,2-4-1,8890,39,2-4,3190,14,1-2-4,720,4,2-4,1250,6,,,,,,,
20250915,江戸川,5,予選,曇り,北東,4,5,4,3,5304,井 田 涼 介,46,52,6.75,3,0.24,1.56.8,2-4-1,8890,39,2-4,3190,14,1-2-4,720,4,2-4,1250,6,,,,,,,
20250915,江戸川,5,予選,曇り,北東,4,5,5,6,3872,岡 田 憲 行,55,49,6.88,6,0.19,,2-4-1,8890,39,2-4,3190,14,1-2-4,720,4,2-4,1250,6,,,,,,,
20250915,江戸川,5,予選,曇り,北東,4,5,6,5,5018,竹 下 大 樹,38,41,6.68,5,0.28,,2-4-1,8890,39,2-4,3190,14,1-2-4,720,4,2-4,1250,6,,,,,,,
20250915,江戸川,6,予選,曇り,北東,3,5,1,1,5243,三 馬 崇 史,10,47,6.79,1,0.01,1.52.7,1-5-2,4100,18,1-5,1580,8,1-2-5,860,4,1-5,1520,8,,,,,,,
20250915,江戸川,6,予選,曇り,北東,3,5,2,5,4142,平 野 和 明,40,54,6.76,5,0.16,1.53.8,1-5-2,4100,18,1-5,1580,8,1-2-5,860,4,1-5,1520,8,,,,,,,
20250915,江戸川,6,予選,曇り,北東,3,5,3,2,5132,中 野 希 一,64,62,6.86,2,0.12,1.54.9,1-5-2,4100,18,1-5,1580,8,1-2-5,860,4,1-5,1520,8,,,,,,,
20250915,江戸川,6,予選,曇り,北東,3,5,4,4,4398,船 岡 洋一郎,19,40,6.87,4,0.16,1.56.3,1-5-2,4100,18,1-5,1580,8,1-2-5,860,4,1-5,1520,8,,,,,,,
20250915,江戸川,6,予選,曇り,北東,3,5,5,3,4293,鈴 木 智 啓,51,14,6.88,3,0.17,,1-5-2,4100,18,1-5,1580,8,1-2-5,860,4,1-5,1520,8,,,,,,,
20250915,江戸川,6,予選,曇り,北東,3,5,6,6,4623,中 北 将 史,23,11,6.86,6,0.14,,1-5-2,4100,18,1-5,1580,8,1-2-5,860,4,1-5,1520,8,,,,,,,
20250915,江戸川,7,予選,曇り,北東,3,5,1,2,4074,柳 沢 一,59,59,6.81,2,0.05,1.52.1,2-3-4,7010,28,2-3,2530,9,2-3-4,1950,7,2-3,1800,7,,,,,,,
20250915,江戸川,7,予選,曇り,北東,3,5,2,3,5350,網 代 良 芽,45,15,6.71,3,0.04,1.53.8,2-3-4,7010,28,2-3,2530,9,2-3-4,1950,7,2-3,1800,7,,,,,,,
20250915,江戸川,7,予選,曇り,北東,3,5,3,4,4601,森 野 正 弘,12,29,6.77,4,0.08,1.55.1,2-3-4,7010,28,2-3,2530,9,2-3-4,1950,7,2-3,1800,7,,,,,,,
20250915,江戸川,7,予選,曇り,北東,3,5,4,5,4023,柴 田 友 和,61,30,6.81,5,0.10,1.56.2,2-3-4,7010,28,2-3,2530,9,2-3-4,1950,7,2-3,1800,7,,,,,,,
20250915,江戸川,7,予選,曇り,北東,3,5,5,1,4358,松 本 庸 平,11,38,6.86,1,0.07,,2-3-4,7010,28,2-3,2530,9,2-3-4,1950,7,2-3,1800,7,,,,,,,
20250915,江戸川,7,予選,曇り,北東,3,5,6,6,4981,牧 山 敦 也,18,65,7.00,6,0.13,,2-3-4,7010,28,2-3,2530,9,2-3-4,1950,7,2-3,1800,7,,,,,,,
20250915,江戸川,8,予選,曇り,東,3,5,1,2,5158,宮 脇 遼 太,70,43,6.79,2,0.17,1.52.4,2-5-3,9050,30,2-5,2590,10,2-3-5,1720,7,2-5,1150,4,,,,,,,
20250915,江戸川,8,予選,曇り,東,3,5,2,5,3655,本 橋 克 洋,52,45,6.97,5,0.22,1.54.1,2-5-3,9050,30,2-5,2590,10,2-3-5,1720,7,2-5,1150,4,,,,,,,
20250915,江戸川,8,予選,曇り,東,3,5,3,3,5185,加 藤 優 弥,49,31,6.83,3,0.19,1.55.7,2-5-3,9050,30,2-5,2590,10,2-3-5,1720,7,2-5,1150,4,,,,,,,
20250915,江戸川,8,予選,曇り,東,3,5,4,1,5034,若 林 義 人,22,28,6.82,1,0.27,1.55.9,2-5-3,9050,30,2-5,2590,10,2-3-5,1720,7,2-5,1150,4,,,,,,,
20250915,江戸川,8,予選,曇り,東,3,5,5,6,4865,立 具 敬 司,65,13,6.83,6,0.19,,2-5-3,9050,30,2-5,2590,10,2-3-5,1720,7,2-5,1150,4,,,,,,,
20250915,江戸川,8,予選,曇り,東,3,5,6,4,5385,鈴 木 柊 介,34,66,6.91,4,0.24,,2-5-3,9050,30,2-5,2590,10,2-3-5,1720,7,2-5,1150,4,,,,,,,
20250915,江戸川,9,予選特賞,曇り,北東,3,5,1,1,4040,廣 瀬 将 亨,47,46,6.73,1,0.09,1.51.6,1-4-2,1560,3,1-4,370,1,1-2-4,680,3,1-4,240,1,,,,,,,
20250915,江戸川,9,予選特賞,曇り,北東,3,5,2,4,4013,中 島 孝 平,41,60,6.83,4,0.18,1.53.4,1-4-2,1560,3,1-4,370,1,1-2-4,680,3,1-4,240,1,,,,,,,
20250915,江戸川,9,予選特賞,曇り,北東,3,5,3,2,3596,河 上 年 昭,13,68,6.80,2,0.35,1.55.2,1-4-2,1560,3,1-4,370,1,1-2-4,680,3,1-4,240,1,,,,,,,
20250915,江戸川,9,予選特賞,曇り,北東,3,5,4,5,3872,岡 田 憲 行,55,49,6.94,5,0.14,1.55.6,1-4-2,1560,3,1-4,370,1,1-2-4,680,3,1-4,240,1,,,,,,,
20250915,江戸川,9,予選特賞,曇り,北東,3,5,5,3,4495,森 晋太郎,48,21,6.80,3,0.16,,1-4-2,1560,3,1-4,370,1,1-2-4,680,3,1-4,240,1,,,,,,,
20250915,江戸川,9,予選特賞,曇り,北東,3,5,6,6,4871,菊 池 宏 志,25,37,6.73,6,0.15,,1-4-2,1560,3,1-4,370,1,1-2-4,680,3,1-4,240,1,,,,,,,
20250915,江戸川,10,予選特賞,曇り,南東,3,5,1,2,4486,野 村 誠,62,36,6.86,2,0.12,1.51.8,2-1-5,1150,2,2-1,460,2,1-2-5,210,1,1-2,190,1,,,,,,,
20250915,江戸川,10,予選特賞,曇り,南東,3,5,2,1,4293,鈴 木 智 啓,51,14,7.03,1,0.13,1.53.7,2-1-5,1150,2,2-1,460,2,1-2-5,210,1,1-2,190,1,,,,,,,
20250915,江戸川,10,予選特賞,曇り,南東,3,5,3,5,5255,藤 原 仙 二,20,34,6.74,5,0.17,1.54.1,2-1-5,1150,2,2-1,460,2,1-2-5,210,1,1-2,190,1,,,,,,,
20250915,江戸川,10,予選特賞,曇り,南東,3,5,4,6,3812,山 崎 聖 司,29,56,6.93,6,0.19,1.56.6,2-1-5,1150,2,2-1,460,2,1-2-5,210,1,1-2,190,1,,,,,,,
20250915,江戸川,10,予選特賞,曇り,南東,3,5,5,4,5354,渡 邊 雄 斗,66,17,6.76,4,0.17,,2-1-5,1150,2,2-1,460,2,1-2-5,210,1,1-2,190,1,,,,,,,
20250915,江戸川,10,予選特賞,曇り,南東,3,5,6,3,4106,坂 井 康 嗣,56,71,6.89,3,0.15,,2-1-5,1150,2,2-1,460,2,1-2-5,210,1,1-2,190,1,,,,,,,
20250915,江戸川,11,予選特選,曇り,南東,3,5,1,1,5058,前 原 大 道,31,51,6.86,1,0.08,1.50.8,1-2-4,2310,10,1-2,940,4,1-2-4,1100,5,1-2,330,2,,,,,,,
20250915,江戸川,11,予選特選,曇り,南東,3,5,2,2,5259,野 田 昇 吾,58,25,6.91,2,0.09,1.53.6,1-2-4,2310,10,1-2,940,4,1-2-4,1100,5,1-2,330,2,,,,,,,
20250915,江戸川,11,予選特選,曇り,南東,3,5,3,4,4842,山 下 昂 大,35,10,7.00,4,0.22,1.54.7,1-2-4,2310,10,1-2,940,4,1-2-4,1100,5,1-2,330,2,,,,,,,
20250915,江戸川,11,予選特選,曇り,南東,3,5,4,5,5132,中 野 希 一,64,62,7.05,5,0.19,1.54.8,1-2-4,2310,10,1-2,940,4,1-2-4,1100,5,1-2,330,2,,,,,,,
20250915,江戸川,11,予選特選,曇り,南東,3,5,5,3,5187,小 坂 風 太,54,50,6.84,3,0.15,,1-2-4,2310,10,1-2,940,4,1-2-4,1100,5,1-2,330,2,,,,,,,
20250915,江戸川,11,予選特選,曇り,南東,3,5,6,6,5115,香 川 颯 太,53,26,6.97,6,0.21,,1-2-4,2310,10,1-2,940,4,1-2-4,1100,5,1-2,330,2,,,,,,,
20250915,江戸川,12,記者選抜戦,曇り,南東,3,5,1,3,3907,村 越 篤,57,53,6.84,3,0.18,1.51.7,3-1-5,9010,29,3-1,1890,6,1-3-5,1490,8,1-3,280,1,,,,,,,
20250915,江戸川,12,記者選抜戦,曇り,南東,3,5,2,1,4074,柳 沢 一,59,59,6.81,1,0.12,1.52.8,3-1-5,9010,29,3-1,1890,6,1-3-5,1490,8,1-3,280,1,,,,,,,
20250915,江戸川,12,記者選抜戦,曇り,南東,3,5,3,5,3930,岸 本 隆,15,61,6.94,5,0.18,1.55.0,3-1-5,9010,29,3-1,1890,6,1-3-5,1490,8,1-3,280,1,,,,,,,
20250915,江戸川,12,記者選抜戦,曇り,南東,3,5,4,2,4076,杉 田 篤 光,67,16,6.90,2,0.19,1.55.6,3-1-5,9010,29,3-1,1890,6,1-3-5,1490,8,1-3,280,1,,,,,,,
20250915,江戸川,12,記者選抜戦,曇り,南東,3,5,5,4,5018,竹 下 大 樹,38,41,6.76,4,0.19,,3-1-5,9010,29,3-1,1890,6,1-3-5,1490,8,1-3,280,1,,,,,,,
20250915,江戸川,12,記者選抜戦,曇り,南東,3,5,6,6,4142,平 野 和 明,40,54,6.91,6,0.23,,3-1-5,9010,29,3-1,1890,6,1-3-5,1490,8,1-3,280,1,,,,,,,
20250915,浜名湖,1,一般,晴,北西,2,1,1,2,4555,富 永 大 一,40,11,6.69,2,0.29,1.51.1,2-1-6,2040,3,2-1,660,1,1-2-6,520,1,1-2,370,1,,,,,,,
20250915,浜名湖,1,一般,晴,北西,2,1,2,1,3660,長谷川 親 王,44,49,6.80,1,0.21,1.53.0,2-1-6,2040,3,2-1,660,1,1-2-6,520,1,1-2,370,1,,,,,,,
20250915,浜名湖,1,一般,晴,北西,2,1,3,6,5125,高 井 雄 基,65,31,6.75,6,0.19,1.54.1,2-1-6,2040,3,2-1,660,1,1-2-6,520,1,1-2,370,1,,,,,,,
20250915,浜名湖,1,一般,晴,北西,2,1,4,5,3477,近 藤 稔 也,30,64,6.70,5,0.31,1.56.0,2-1-6,2040,3,2-1,660,1,1-2-6,520,1,1-2,370,1,,,,,,,
20250915,浜名湖,1,一般,晴,北西,2,1,5,3,4675,井 手 良 太,24,28,6.73,3,0.21,,2-1-6,2040,3,2-1,660,1,1-2-6,520,1,1-2,370,1,,,,,,,
20250915,浜名湖,1,一般,晴,北西,2,1,6,4,4520,高 倉 孝 太,29,19,6.81,4,0.19,,2-1-6,2040,3,2-1,660,1,1-2-6,520,1,1-2,370,1,,,,,,,
20250915,浜名湖,2,一般,晴,北西,2,1,1,1,5017,澤 田 尚 也,4,67,6.71,1,0.09,1.50.2,1-4-2,1080,4,1-4,390,3,1-2-4,390,2,1-4,510,3,,,,,,,
20250915,浜名湖,2,一般,晴,北西,2,1,2,4,3710,吉 永 泰 弘,34,75,6.75,4,0.22,1.53.4,1-4-2,1080,4,1-4,390,3,1-2-4,390,2,1-4,510,3,,,,,,,
20250915,浜名湖,2,一般,晴,北西,2,1,3,2,4550,石 岡 将 太,26,35,6.65,2,0.13,1.54.5,1-4-2,1080,4,1-4,390,3,1-2-4,390,2,1-4,510,3,,,,,,,
20250915,浜名湖,2,一般,晴,北西,2,1,4,5,4563,齋 藤 真 之,54,46,6.73,5,0.21,1.54.9,1-4-2,1080,4,1-4,390,3,1-2-4,390,2,1-4,510,3,,,,,,,
20250915,浜名湖,2,一般,晴,北西,2,1,5,6,4890,石 川 諒,9,12,6.72,6,0.13,,1-4-2,1080,4,1-4,390,3,1-2-4,390,2,1-4,510,3,,,,,,,
20250915,浜名湖,2,一般,晴,北西,2,1,6,3,4669,井 上 茂,12,44,6.71,3,0.20,,1-4-2,1080,4,1-4,390,3,1-2-4,390,2,1-4,510,3,,,,,,,
20250915,浜名湖,3,一般,晴,北西,2,1,1,3,3842,星 野 太 郎,23,68,6.70,3,0.23,1.51.4,3-2-1,12340,31,3-2,4820,12,1-2-3,300,1,2-3,3290,7,,,,,,,
20250915,浜名湖,3,一般,晴,北西,2,1,2,2,3681,山 谷 央,8,25,6.69,2,0.22,1.52.9,3-2-1,12340,31,3-2,4820,12,1-2-3,300,1,2-3,3290,7,,,,,,,
20250915,浜名湖,3,一般,晴,北西,2,1,3,1,4067,永 井 源,28,52,6.68,1,0.19,1.54.2,3-2-1,12340,31,3-2,4820,12,1-2-3,300,1,2-3,3290,7,,,,,,,
20250915,浜名湖,3,一般,晴,北西,2,1,4,4,3616,中 村 真,33,30,6.73,4,0.25,1.54.7,3-2-1,12340,31,3-2,4820,12,1-2-3,300,1,2-3,3290,7,,,,,,,
20250915,浜名湖,3,一般,晴,北西,2,1,5,6,5090,生 方 靖 亜,61,22,6.70,6,0.25,,3-2-1,12340,31,3-2,4820,12,1-2-3,300,1,2-3,3290,7,,,,,,,
20250915,浜名湖,3,一般,晴,北西,2,1,6,5,4343,村 岡 賢,46,34,6.72,5,0.27,,3-2-1,12340,31,3-2,4820,12,1-2-3,300,1,2-3,3290,7,,,,,,,
20250915,浜名湖,4,一般,晴,北西,2,1,1,3,4840,鈴 木 秀 茉,39,40,6.67,3,0.04,1.51.2,3-2-4,4140,21,3-2,1690,11,2-3-4,660,3,2-3,830,7,,,,,,,
20250915,浜名湖,4,一般,晴,北西,2,1,2,2,4274,長 畑 友 輔,18,29,6.68,2,0.01,1.53.0,3-2-4,4140,21,3-2,1690,11,2-3-4,660,3,2-3,830,7,,,,,,,
20250915,浜名湖,4,一般,晴,北西,2,1,3,4,3805,高 橋 英 之,41,63,6.75,4,0.00,1.54.0,3-2-4,4140,21,3-2,1690,11,2-3-4,660,3,2-3,830,7,,,,,,,
20250915,浜名湖,4,一般,晴,北西,2,1,4,5,4449,中 嶋 達 也,13,16,6.80,5,0.00,1.55.5,3-2-4,4140,21,3-2,1690,11,2-3-4,660,3,2-3,830,7,,,,,,,
20250915,浜名湖,4,一般,晴,北西,2,1,5,6,3422,服 部 幸 男,62,23,6.74,6,0.06,,3-2-4,4140,21,3-2,1690,11,2-3-4,660,3,2-3,830,7,,,,,,,
20250915,浜名湖,4,一般,晴,北西,2,1,F,1,3828,明 石 正 之,2,56,6.74,1,F0.03,,3-2-4,4140,21,3-2,1690,11,2-3-4,660,3,2-3,830,7,,,,,,,
20250915,浜名湖,5,一般,晴,南西,1,1,1,1,4488,小 山 勉,14,76,6.74,1,0.15,1.51.4,1-3-4,1250,4,1-3,580,3,1-3-4,600,2,1-3,510,3,,,,,,,
20250915,浜名湖,5,一般,晴,南西,1,1,2,3,3508,久 富 政 弘,66,62,6.75,3,0.17,1.53.2,1-3-4,1250,4,1-3,580,3,1-3-4,600,2,1-3,510,3,,,,,,,
20250915,浜名湖,5,一般,晴,南西,1,1,3,4,3502,渡 邉 英 児,11,66,6.79,4,0.14,1.54.7,1-3-4,1250,4,1-3,580,3,1-3-4,600,2,1-3,510,3,,,,,,,
20250915,浜名湖,5,一般,晴,南西,1,1,4,5,4108,吉 村 正 明,47,33,6.79,5,0.17,1.56.5,1-3-4,1250,4,1-3,580,3,1-3-4,600,2,1-3,510,3,,,,,,,
20250915,浜名湖,5,一般,晴,南西,1,1,5,2,5067,山 田 真 聖,37,65,6.80,2,0.11,,1-3-4,1250,4,1-3,580,3,1-3-4,600,2,1-3,510,3,,,,,,,
20250915,浜名湖,5,一般,晴,南西,1,1,6,6,4892,柴 田 直 哉,1,53,6.76,6,0.31,,1-3-4,1250,4,1-3,580,3,1-3-4,600,2,1-3,510,3,,,,,,,
20250915,浜名湖,6,一般,晴,北西,2,1,1,1,4451,松 崎 祐太郎,17,48,6.72,1,0.07,1.51.4,1-2-4,1960,11,1-2,420,2,1-2-4,1010,6,1-2,490,3,,,,,,,
20250915,浜名湖,6,一般,晴,北西,2,1,2,2,4562,阪 本 勇 介,16,32,6.73,2,0.10,1.52.7,1-2-4,1960,11,1-2,420,2,1-2-4,1010,6,1-2,490,3,,,,,,,
20250915,浜名湖,6,一般,晴,北西,2,1,3,4,3891,谷 口 健 一,22,47,6.73,4,0.12,1.54.2,1-2-4,1960,11,1-2,420,2,1-2-4,1010,6,1-2,490,3,,,,,,,
20250915,浜名湖,6,一般,晴,北西,2,1,4,5,5139,大 場 恒 季,45,39,6.84,5,0.05,1.54.5,1-2-4,1960,11,1-2,420,2,1-2-4,1010,6,1-2,490,3,,,,,,,
20250915,浜名湖,6,一般,晴,北西,2,1,5,3,3477,近 藤 稔 也,30,64,6.69,3,0.11,,1-2-4,1960,11,1-2,420,2,1-2-4,1010,6,1-2,490,3,,,,,,,
20250915,浜名湖,6,一般,晴,北西,2,1,6,6,5323,香 川 陽 太,38,55,6.75,6,0.07,,1-2-4,1960,11,1-2,420,2,1-2-4,1010,6,1-2,490,3,,,,,,,
20250915,浜名湖,7,一般,晴,南西,2,1,1,6,4503,上 野 真之介,7,27,6.72,3,0.12,1.50.8,6-4-1,5280,21,6-4,1860,7,1-4-6,740,3,4-6,510,2,,,,,,,
20250915,浜名湖,7,一般,晴,南西,2,1,2,4,5249,三 木 晴 斗,20,61,6.74,5,0.15,1.52.9,6-4-1,5280,21,6-4,1860,7,1-4-6,740,3,4-6,510,2,,,,,,,
20250915,浜名湖,7,一般,晴,南西,2,1,3,1,4811,向井田 佑 紀,31,13,6.71,1,0.14,1.53.7,6-4-1,5280,21,6-4,1860,7,1-4-6,740,3,4-6,510,2,,,,,,,
20250915,浜名湖,7,一般,晴,南西,2,1,4,2,3710,吉 永 泰 弘,34,75,6.72,2,0.13,1.55.0,6-4-1,5280,21,6-4,1860,7,1-4-6,740,3,4-6,510,2,,,,,,,
20250915,浜名湖,7,一般,晴,南西,2,1,5,5,4158,木 場 雄二郎,21,54,6.82,6,0.18,,6-4-1,5280,21,6-4,1860,7,1-4-6,740,3,4-6,510,2,,,,,,,
20250915,浜名湖,7,一般,晴,南西,2,1,6,3,4343,村 岡 賢,46,34,6.77,4,0.21,,6-4-1,5280,21,6-4,1860,7,1-4-6,740,3,4-6,510,2,,,,,,,
20250915,浜名湖,8,一般,晴,南西,4,2,1,1,4287,今 井 貴 士,27,59,6.72,1,0.18,1.52.5,1-5-2,1790,10,1-5,650,4,1-2-5,650,5,1-5,740,4,,,,,,,
20250915,浜名湖,8,一般,晴,南西,4,2,2,5,4675,井 手 良 太,24,28,6.67,5,0.18,1.53.4,1-5-2,1790,10,1-5,650,4,1-2-5,650,5,1-5,740,4,,,,,,,
20250915,浜名湖,8,一般,晴,南西,4,2,3,2,5090,生 方 靖 亜,61,22,6.69,2,0.12,1.54.9,1-5-2,1790,10,1-5,650,4,1-2-5,650,5,1-5,740,4,,,,,,,
20250915,浜名湖,8,一般,晴,南西,4,2,4,3,3293,宮 内 由紀英,53,73,6.71,3,0.15,1.56.0,1-5-2,1790,10,1-5,650,4,1-2-5,650,5,1-5,740,4,,,,,,,
20250915,浜名湖,8,一般,晴,南西,4,2,5,4,4259,真 庭 明 志,59,37,6.67,4,0.19,,1-5-2,1790,10,1-5,650,4,1-2-5,650,5,1-5,740,4,,,,,,,
20250915,浜名湖,8,一般,晴,南西,4,2,6,6,5130,上 野 拓 馬,55,50,6.66,6,0.22,,1-5-2,1790,10,1-5,650,4,1-2-5,650,5,1-5,740,4,,,,,,,
20250915,浜名湖,9,一般,晴,南西,4,2,1,3,4892,柴 田 直 哉,1,53,6.71,3,0.15,1.51.9,3-5-4,10580,42,3-5,3760,16,3-4-5,1780,9,3-5,3460,10,,,,,,,
20250915,浜名湖,9,一般,晴,南西,4,2,2,5,3842,星 野 太 郎,23,68,6.73,5,0.27,1.53.3,3-5-4,10580,42,3-5,3760,16,3-4-5,1780,9,3-5,3460,10,,,,,,,
20250915,浜名湖,9,一般,晴,南西,4,2,3,4,4274,長 畑 友 輔,18,29,6.70,4,0.21,1.55.0,3-5-4,10580,42,3-5,3760,16,3-4-5,1780,9,3-5,3460,10,,,,,,,
20250915,浜名湖,9,一般,晴,南西,4,2,4,2,4890,石 川 諒,9,12,6.64,2,0.14,1.55.4,3-5-4,10580,42,3-5,3760,16,3-4-5,1780,9,3-5,3460,10,,,,,,,
20250915,浜名湖,9,一般,晴,南西,4,2,5,1,4520,高 倉 孝 太,29,19,6.70,1,0.14,,3-5-4,10580,42,3-5,3760,16,3-4-5,1780,9,3-5,3460,10,,,,,,,
20250915,浜名湖,9,一般,晴,南西,4,2,6,6,4875,大 塚 康 雅,35,41,6.67,6,0.35,,3-5-4,10580,42,3-5,3760,16,3-4-5,1780,9,3-5,3460,10,,,,,,,
20250915,浜名湖,10,準優勝戦,晴,南西,3,2,1,2,5017,澤 田 尚 也,4,67,6.72,2,0.13,1.57.1,2-5-3,58560,79,2-5,9340,19,2-3-5,5110,12,2-5,2710,10,,,,,,,
20250915,浜名湖,10,準優勝戦,晴,南西,3,2,2,5,5067,山 田 真 聖,37,65,6.72,5,0.12,1.59.1,2-5-3,58560,79,2-5,9340,19,2-3-5,5110,12,2-5,2710,10,,,,,,,
20250915,浜名湖,10,準優勝戦,晴,南西,3,2,3,3,5139,大 場 恒 季,45,39,6.76,3,0.11,2.00.6,2-5-3,58560,79,2-5,9340,19,2-3-5,5110,12,2-5,2710,10,,,,,,,
20250915,浜名湖,10,準優勝戦,晴,南西,3,2,4,4,4067,永 井 源,28,52,6.62,4,0.18,2.02.6,2-5-3,58560,79,2-5,9340,19,2-3-5,5110,12,2-5,2710,10,,,,,,,
20250915,浜名湖,10,準優勝戦,晴,南西,3,2,5,6,3828,明 石 正 之,2,56,6.73,6,0.13,,2-5-3,58560,79,2-5,9340,19,2-3-5,5110,12,2-5,2710,10,,,,,,,
20250915,浜名湖,10,準優勝戦,晴,南西,3,2,S1,1,5125,高 井 雄 基,65,31,6.74,1,0.19,,2-5-3,58560,79,2-5,9340,19,2-3-5,5110,12,2-5,2710,10,,,,,,,
20250915,浜名湖,11,準優勝戦,晴,南西,4,2,1,1,3422,服 部 幸 男,62,23,6.64,1,0.18,1.51.5,1-2-3,530,2,1-2,240,1,1-2-3,390,2,1-2,210,1,,,,,,,
20250915,浜名湖,11,準優勝戦,晴,南西,4,2,2,2,4451,松 崎 祐太郎,17,48,6.71,2,0.19,1.52.7,1-2-3,530,2,1-2,240,1,1-2-3,390,2,1-2,210,1,,,,,,,
20250915,浜名湖,11,準優勝戦,晴,南西,4,2,3,3,3502,渡 邉 英 児,11,66,6.72,3,0.22,1.54.4,1-2-3,530,2,1-2,240,1,1-2-3,390,2,1-2,210,1,,,,,,,
20250915,浜名湖,11,準優勝戦,晴,南西,4,2,4,5,4555,富 永 大 一,40,11,6.67,5,0.23,1.55.7,1-2-3,530,2,1-2,240,1,1-2-3,390,2,1-2,210,1,,,,,,,
20250915,浜名湖,11,準優勝戦,晴,南西,4,2,5,4,3681,山 谷 央,8,25,6.66,4,0.19,,1-2-3,530,2,1-2,240,1,1-2-3,390,2,1-2,210,1,,,,,,,
20250915,浜名湖,11,準優勝戦,晴,南西,4,2,6,6,4811,向井田 佑 紀,31,13,6.70,6,0.28,,1-2-3,530,2,1-2,240,1,1-2-3,390,2,1-2,210,1,,,,,,,
20250915,浜名湖,12,準優勝戦,晴,南西,3,1,1,1,4503,上 野 真之介,7,27,6.67,1,0.04,1.50.5,1-3-2,890,4,1-3,430,3,1-2-3,380,2,1-3,310,2,,,,,,,
20250915,浜名湖,12,準優勝戦,晴,南西,3,1,2,3,3805,高 橋 英 之,41,63,6.66,3,0.05,1.52.3,1-3-2,890,4,1-3,430,3,1-2-3,380,2,1-3,310,2,,,,,,,
20250915,浜名湖,12,準優勝戦,晴,南西,3,1,3,2,4488,小 山 勉,14,76,6.69,2,0.13,1.54.0,1-3-2,890,4,1-3,430,3,1-2-3,380,2,1-3,310,2,,,,,,,
20250915,浜名湖,12,準優勝戦,晴,南西,3,1,4,4,4287,今 井 貴 士,27,59,6.71,4,0.11,1.55.3,1-3-2,890,4,1-3,430,3,1-2-3,380,2,1-3,310,2,,,,,,,
20250915,浜名湖,12,準優勝戦,晴,南西,3,1,5,5,4550,石 岡 将 太,26,35,6.68,5,0.16,,1-3-2,890,4,1-3,430,3,1-2-3,380,2,1-3,310,2,,,,,,,
20250915,浜名湖,12,準優勝戦,晴,南西,3,1,6,6,3660,長谷川 親 王,44,49,6.73,6,0.19,,1-3-2,890,4,1-3,430,3,1-2-3,380,2,1-3,310,2,,,,,,,
20250915,福岡,1,カタメン１一,晴,北,2,2,1,1,4553,坪 口 竜 也,60,146,6.86,1,0.19,1.51.5,1-2-5,720,3,1-2,190,1,1-2-5,420,3,1-2,160,1,,,,,,,
20250915,福岡,1,カタメン１一,晴,北,2,2,2,2,3685,荒 井 輝 年,14,120,6.90,2,0.19,1.52.3,1-2-5,720,3,1-2,190,1,1-2-5,420,3,1-2,160,1,,,,,,,
20250915,福岡,1,カタメン１一,晴,北,2,2,3,5,4111,奥 田 誠,51,140,6.91,5,0.08,1.54.2,1-2-5,720,3,1-2,190,1,1-2-5,420,3,1-2,160,1,,,,,,,
20250915,福岡,1,カタメン１一,晴,北,2,2,4,6,5420,吉 原 快 誓,42,174,6.90,6,0.18,1.54.6,1-2-5,720,3,1-2,190,1,1-2-5,420,3,1-2,160,1,,,,,,,
20250915,福岡,1,カタメン１一,晴,北,2,2,5,3,3617,竹 田 広 樹,39,167,6.90,3,0.17,,1-2-5,720,3,1-2,190,1,1-2-5,420,3,1-2,160,1,,,,,,,
20250915,福岡,1,カタメン１一,晴,北,2,2,6,4,4200,早 川 尚 人,37,153,6.89,4,0.16,,1-2-5,720,3,1-2,190,1,1-2-5,420,3,1-2,160,1,,,,,,,
20250915,福岡,2,一般戦,晴,北,3,3,1,1,5023,久 永 祥 平,61,109,6.83,1,0.06,1.51.3,1-3-5,930,1,1-3,330,1,1-3-5,490,2,1-3,370,2,,,,,,,
20250915,福岡,2,一般戦,晴,北,3,3,2,3,4872,山 下 流 心,71,158,6.89,3,0.08,1.53.2,1-3-5,930,1,1-3,330,1,1-3-5,490,2,1-3,370,2,,,,,,,
20250915,福岡,2,一般戦,晴,北,3,3,3,5,4821,妻 鳥 晋 也,55,160,6.86,5,0.09,1.54.8,1-3-5,930,1,1-3,330,1,1-3-5,490,2,1-3,370,2,,,,,,,
20250915,福岡,2,一般戦,晴,北,3,3,4,4,4607,鶴 田 勇 雄,18,116,6.89,4,0.10,1.55.2,1-3-5,930,1,1-3,330,1,1-3-5,490,2,1-3,370,2,,,,,,,
20250915,福岡,2,一般戦,晴,北,3,3,5,2,4740,齋 藤 達 希,47,134,6.88,2,0.10,,1-3-5,930,1,1-3,330,1,1-3-5,490,2,1-3,370,2,,,,,,,
20250915,福岡,2,一般戦,晴,北,3,3,6,6,3372,加 藤 雅 之,38,137,6.89,6,0.19,,1-3-5,930,1,1-3,330,1,1-3-5,490,2,1-3,370,2,,,,,,,
20250915,福岡,3,カタメン３一,晴,北,3,3,1,3,4366,前 沢 丈 史,41,172,6.99,3,0.12,1.51.6,3-2-5,6030,20,3-2,1740,6,2-3-5,2080,7,2-3,1380,4,,,,,,,
20250915,福岡,3,カタメン３一,晴,北,3,3,2,2,4487,三 原 司,33,103,6.91,2,0.15,1.52.9,3-2-5,6030,20,3-2,1740,6,2-3-5,2080,7,2-3,1380,4,,,,,,,
20250915,福岡,3,カタメン３一,晴,北,3,3,3,5,3757,畑 和 宏,63,173,6.92,4,0.13,1.54.4,3-2-5,6030,20,3-2,1740,6,2-3-5,2080,7,2-3,1380,4,,,,,,,
20250915,福岡,3,カタメン３一,晴,北,3,3,4,6,2538,高 橋 二 朗,48,102,6.92,5,0.17,1.56.1,3-2-5,6030,20,3-2,1740,6,2-3-5,2080,7,2-3,1380,4,,,,,,,
20250915,福岡,3,カタメン３一,晴,北,3,3,5,4,5398,鐘ヶ江 真 司,36,122,6.90,6,0.17,,3-2-5,6030,20,3-2,1740,6,2-3-5,2080,7,2-3,1380,4,,,,,,,
20250915,福岡,3,カタメン３一,晴,北,3,3,6,1,4635,峰 重 力 也,65,141,6.88,1,0.25,,3-2-5,6030,20,3-2,1740,6,2-3-5,2080,7,2-3,1380,4,,,,,,,
20250915,福岡,4,一般戦,晴,北,3,3,1,1,4942,柴 田 朋 哉,49,168,6.82,1,0.22,1.50.9,1-4-2,1100,2,1-4,410,1,1-2-4,330,2,1-4,290,1,,,,,,,
20250915,福岡,4,一般戦,晴,北,3,3,2,4,4236,松 村 敏,59,155,6.90,4,0.12,1.52.3,1-4-2,1100,2,1-4,410,1,1-2-4,330,2,1-4,290,1,,,,,,,
20250915,福岡,4,一般戦,晴,北,3,3,3,2,4991,宗 行 治 哉,70,163,6.86,2,0.17,1.53.4,1-4-2,1100,2,1-4,410,1,1-2-4,330,2,1-4,290,1,,,,,,,
20250915,福岡,4,一般戦,晴,北,3,3,4,6,3541,三 嶌 誠 司,75,144,6.83,5,0.17,1.56.2,1-4-2,1100,2,1-4,410,1,1-2-4,330,2,1-4,290,1,,,,,,,
20250915,福岡,4,一般戦,晴,北,3,3,5,5,5403,藤 山 湧 太,35,135,6.86,6,0.16,,1-4-2,1100,2,1-4,410,1,1-2-4,330,2,1-4,290,1,,,,,,,
20250915,福岡,4,一般戦,晴,北,3,3,6,3,4846,佐 藤 駿 介,19,124,6.93,3,0.11,,1-4-2,1100,2,1-4,410,1,1-2-4,330,2,1-4,290,1,,,,,,,
20250915,福岡,5,一般戦,晴,北,3,3,1,1,3434,松 尾 宣 邦,26,111,6.96,1,0.15,1.52.8,1-4-6,5790,19,1-4,470,1,1-4-6,3470,11,1-4,350,2,,,,,,,
20250915,福岡,5,一般戦,晴,北,3,3,2,4,3956,横 澤 剛 治,57,145,6.86,4,0.16,1.53.9,1-4-6,5790,19,1-4,470,1,1-4-6,3470,11,1-4,350,2,,,,,,,
20250915,福岡,5,一般戦,晴,北,3,3,3,6,4359,横 川 聖 志,66,118,6.94,6,0.21,1.54.8,1-4-6,5790,19,1-4,470,1,1-4-6,3470,11,1-4,350,2,,,,,,,
20250915,福岡,5,一般戦,晴,北,3,3,4,2,4652,酒 見 峻 介,62,142,6.94,2,0.19,1.55.9,1-4-6,5790,19,1-4,470,1,1-4-6,3470,11,1-4,350,2,,,,,,,
20250915,福岡,5,一般戦,晴,北,3,3,5,5,3300,川 崎 智 幸,67,139,6.91,5,0.13,,1-4-6,5790,19,1-4,470,1,1-4-6,3470,11,1-4,350,2,,,,,,,
20250915,福岡,5,一般戦,晴,北,3,3,6,3,4508,野 間 大 樹,24,151,6.87,3,0.19,,1-4-6,5790,19,1-4,470,1,1-4-6,3470,11,1-4,350,2,,,,,,,
20250915,福岡,6,一般戦,晴,北,3,3,1,2,5104,山 田 丈,44,110,6.89,2,0.19,1.51.3,2-1-4,1640,7,2-1,880,5,1-2-4,250,1,1-2,210,1,,,,,,,
20250915,福岡,6,一般戦,晴,北,3,3,2,1,4934,佐々木 翔 斗,12,113,6.91,1,0.17,1.52.8,2-1-4,1640,7,2-1,880,5,1-2-4,250,1,1-2,210,1,,,,,,,
20250915,福岡,6,一般戦,晴,北,3,3,3,4,4364,池 永 太,17,150,6.99,4,0.18,1.54.4,2-1-4,1640,7,2-1,880,5,1-2-4,250,1,1-2,210,1,,,,,,,
20250915,福岡,6,一般戦,晴,北,3,3,4,3,5311,小 林 京 平,46,123,6.83,3,0.20,1.56.4,2-1-4,1640,7,2-1,880,5,1-2-4,250,1,1-2,210,1,,,,,,,
20250915,福岡,6,一般戦,晴,北,3,3,5,6,4114,深 澤 達 徳,15,129,6.95,6,0.41,,2-1-4,1640,7,2-1,880,5,1-2-4,250,1,1-2,210,1,,,,,,,
20250915,福岡,6,一般戦,晴,北,3,3,6,5,3617,竹 田 広 樹,39,167,6.94,5,0.34,,2-1-4,1640,7,2-1,880,5,1-2-4,250,1,1-2,210,1,,,,,,,
20250915,福岡,7,一般戦,曇り,南,3,3,1,3,4624,高 田 明,20,169,6.90,3,0.11,1.51.1,3-1-5,2270,10,3-1,820,4,1-3-5,550,3,1-3,200,1,,,,,,,
20250915,福岡,7,一般戦,曇り,南,3,3,2,1,4055,吉 田 俊 彦,22,132,6.93,1,0.09,1.52.0,3-1-5,2270,10,3-1,820,4,1-3-5,550,3,1-3,200,1,,,,,,,
20250915,福岡,7,一般戦,曇り,南,3,3,3,5,3685,荒 井 輝 年,14,120,6.95,5,0.14,1.52.8,3-1-5,2270,10,3-1,820,4,1-3-5,550,3,1-3,200,1,,,,,,,
20250915,福岡,7,一般戦,曇り,南,3,3,4,4,4654,篠 田 優 也,34,131,6.95,4,0.15,1.54.5,3-1-5,2270,10,3-1,820,4,1-3-5,550,3,1-3,200,1,,,,,,,
20250915,福岡,7,一般戦,曇り,南,3,3,5,2,4607,鶴 田 勇 雄,18,116,6.95,2,0.10,,3-1-5,2270,10,3-1,820,4,1-3-5,550,3,1-3,200,1,,,,,,,
20250915,福岡,7,一般戦,曇り,南,3,3,6,6,5363,山 本 凱 立,13,154,6.89,6,0.22,,3-1-5,2270,10,3-1,820,4,1-3-5,550,3,1-3,200,1,,,,,,,
20250915,福岡,8,一般戦,曇り,南,3,3,1,1,4383,竹 田 吉 行,45,143,7.05,1,0.17,1.52.0,1-6-2,1330,2,1-6,490,2,1-2-6,410,2,1-6,410,2,,,,,,,
20250915,福岡,8,一般戦,曇り,南,3,3,2,6,4288,永 田 啓 二,32,130,6.98,5,0.10,1.53.1,1-6-2,1330,2,1-6,490,2,1-2-6,410,2,1-6,410,2,,,,,,,
20250915,福岡,8,一般戦,曇り,南,3,3,3,2,3757,畑 和 宏,63,173,7.06,2,0.18,1.54.6,1-6-2,1330,2,1-6,490,2,1-2-6,410,2,1-6,410,2,,,,,,,
20250915,福岡,8,一般戦,曇り,南,3,3,4,3,3372,加 藤 雅 之,38,137,6.93,3,0.18,1.55.3,1-6-2,1330,2,1-6,490,2,1-2-6,410,2,1-6,410,2,,,,,,,
20250915,福岡,8,一般戦,曇り,南,3,3,5,4,4452,松 尾 祭,28,133,7.02,4,0.15,,1-6-2,1330,2,1-6,490,2,1-2-6,410,2,1-6,410,2,,,,,,,
20250915,福岡,8,一般戦,曇り,南,3,3,6,5,5420,吉 原 快 誓,42,174,7.12,6,0.25,,1-6-2,1330,2,1-6,490,2,1-2-6,410,2,1-6,410,2,,,,,,,
20250915,福岡,9,一般戦,晴,南,2,2,1,1,4583,古 田 祐 貴,52,128,6.92,1,0.10,1.50.5,1-3-4,920,2,1-3,290,1,1-3-4,320,1,1-3,240,1,,,,,,,
20250915,福岡,9,一般戦,晴,南,2,2,2,3,4025,山 本 隆 幸,68,104,6.91,3,0.11,1.51.9,1-3-4,920,2,1-3,290,1,1-3-4,320,1,1-3,240,1,,,,,,,
20250915,福岡,9,一般戦,晴,南,2,2,3,4,4652,酒 見 峻 介,62,142,6.96,4,0.13,1.53.2,1-3-4,920,2,1-3,290,1,1-3-4,320,1,1-3,240,1,,,,,,,
20250915,福岡,9,一般戦,晴,南,2,2,4,2,4200,早 川 尚 人,37,153,6.92,2,0.11,1.54.1,1-3-4,920,2,1-3,290,1,1-3-4,320,1,1-3,240,1,,,,,,,
20250915,福岡,9,一般戦,晴,南,2,2,5,5,4991,宗 行 治 哉,70,163,6.92,5,0.18,,1-3-4,920,2,1-3,290,1,1-3-4,320,1,1-3,240,1,,,,,,,
20250915,福岡,9,一般戦,晴,南,2,2,6,6,5398,鐘ヶ江 真 司,36,122,6.91,6,0.18,,1-3-4,920,2,1-3,290,1,1-3-4,320,1,1-3,240,1,,,,,,,
20250915,福岡,10,準優勝戦,晴,南,1,2,1,3,5104,山 田 丈,44,110,6.89,3,0.15,1.51.0,3-2-5,10520,37,3-2,2070,8,2-3-5,3720,13,2-3,1340,5,,,,,,,
20250915,福岡,10,準優勝戦,晴,南,1,2,2,2,3434,松 尾 宣 邦,26,111,6.97,2,0.18,1.52.3,3-2-5,10520,37,3-2,2070,8,2-3-5,3720,13,2-3,1340,5,,,,,,,
20250915,福岡,10,準優勝戦,晴,南,1,2,3,5,4942,柴 田 朋 哉,49,168,6.88,5,0.14,1.52.8,3-2-5,10520,37,3-2,2070,8,2-3-5,3720,13,2-3,1340,5,,,,,,,
20250915,福岡,10,準優勝戦,晴,南,1,2,4,4,4366,前 沢 丈 史,41,172,6.99,4,0.15,1.54.5,3-2-5,10520,37,3-2,2070,8,2-3-5,3720,13,2-3,1340,5,,,,,,,
20250915,福岡,10,準優勝戦,晴,南,1,2,5,1,4821,妻 鳥 晋 也,55,160,6.90,1,0.21,,3-2-5,10520,37,3-2,2070,8,2-3-5,3720,13,2-3,1340,5,,,,,,,
20250915,福岡,10,準優勝戦,晴,南,1,2,6,6,4553,坪 口 竜 也,60,146,6.94,6,0.15,,3-2-5,10520,37,3-2,2070,8,2-3-5,3720,13,2-3,1340,5,,,,,,,
20250915,福岡,11,準優勝戦,晴,南,1,2,1,1,3300,川 崎 智 幸,67,139,6.84,1,0.07,1.50.3,1-4-2,1640,6,1-4,820,4,1-2-4,430,2,1-4,540,3,,,,,,,
20250915,福岡,11,準優勝戦,晴,南,1,2,2,4,4624,高 田 明,20,169,6.80,4,0.14,1.52.3,1-4-2,1640,6,1-4,820,4,1-2-4,430,2,1-4,540,3,,,,,,,
20250915,福岡,11,準優勝戦,晴,南,1,2,3,2,4236,松 村 敏,59,155,6.82,2,0.13,1.53.5,1-4-2,1640,6,1-4,820,4,1-2-4,430,2,1-4,540,3,,,,,,,
20250915,福岡,11,準優勝戦,晴,南,1,2,4,3,4934,佐々木 翔 斗,12,113,6.80,3,0.20,1.54.8,1-4-2,1640,6,1-4,820,4,1-2-4,430,2,1-4,540,3,,,,,,,
20250915,福岡,11,準優勝戦,晴,南,1,2,5,5,5023,久 永 祥 平,61,109,6.82,5,0.16,,1-4-2,1640,6,1-4,820,4,1-2-4,430,2,1-4,540,3,,,,,,,
20250915,福岡,11,準優勝戦,晴,南,1,2,6,6,4635,峰 重 力 也,65,141,6.83,6,0.47,,1-4-2,1640,6,1-4,820,4,1-2-4,430,2,1-4,540,3,,,,,,,
20250915,福岡,12,準優勝戦,晴,北,1,2,1,1,3541,三 嶌 誠 司,75,144,6.83,1,0.07,1.50.4,1-3-2,750,2,1-3,310,2,1-2-3,210,1,1-3,330,2,,,,,,,
20250915,福岡,12,準優勝戦,晴,北,1,2,2,3,3956,横 澤 剛 治,57,145,6.80,3,0.16,1.51.2,1-3-2,750,2,1-3,310,2,1-2-3,210,1,1-3,330,2,,,,,,,
20250915,福岡,12,準優勝戦,晴,北,1,2,3,2,4364,池 永 太,17,150,6.83,2,0.07,1.53.6,1-3-2,750,2,1-3,310,2,1-2-3,210,1,1-3,330,2,,,,,,,
20250915,福岡,12,準優勝戦,晴,北,1,2,4,5,4383,竹 田 吉 行,45,143,6.80,5,0.19,1.54.1,1-3-2,750,2,1-3,310,2,1-2-3,210,1,1-3,330,2,,,,,,,
20250915,福岡,12,準優勝戦,晴,北,1,2,5,4,4872,山 下 流 心,71,158,6.87,4,0.19,,1-3-2,750,2,1-3,310,2,1-2-3,210,1,1-3,330,2,,,,,,,
20250915,福岡,12,準優勝戦,晴,北,1,2,6,6,4055,吉 田 俊 彦,22,132,6.87,6,0.23,,1-3-2,750,2,1-3,310,2,1-2-3,210,1,1-3,330,2,,,,,,,
20250915,芦屋,1,サンライズＶ,晴,南,2,2,1,4,5054,佐々木 大 河,31,117,6.85,4,0.12,1.50.5,4-5-1,4470,15,4-5,2170,8,1-4-5,930,4,4-5,1460,5,,,,,,,
20250915,芦屋,1,サンライズＶ,晴,南,2,2,2,5,3605,中 村 守 成,45,136,6.90,5,0.15,1.51.5,4-5-1,4470,15,4-5,2170,8,1-4-5,930,4,4-5,1460,5,,,,,,,
20250915,芦屋,1,サンライズＶ,晴,南,2,2,3,1,4432,黄金井 力 良,56,134,6.85,1,0.24,1.53.0,4-5-1,4470,15,4-5,2170,8,1-4-5,930,4,4-5,1460,5,,,,,,,
20250915,芦屋,1,サンライズＶ,晴,南,2,2,4,2,3933,山 地 正 樹,47,151,6.82,2,0.29,1.53.0,4-5-1,4470,15,4-5,2170,8,1-4-5,930,4,4-5,1460,5,,,,,,,
20250915,芦屋,1,サンライズＶ,晴,南,2,2,5,6,5408,中 山 鷹 輔,1,154,6.85,6,0.18,,4-5-1,4470,15,4-5,2170,8,1-4-5,930,4,4-5,1460,5,,,,,,,
20250915,芦屋,1,サンライズＶ,晴,南,2,2,6,3,4565,西 村 豪 洋,55,138,6.83,3,0.33,,4-5-1,4470,15,4-5,2170,8,1-4-5,930,4,4-5,1460,5,,,,,,,
20250915,芦屋,2,サンライズＷ,晴,南,1,1,1,1,4159,向 後 龍 一,57,129,6.86,1,0.14,1.49.2,1-4-5,1160,5,1-4,240,1,1-4-5,500,3,1-4,220,1,,,,,,,
20250915,芦屋,2,サンライズＷ,晴,南,1,1,2,4,4051,清 水 敦 揮,44,111,6.91,4,0.17,1.50.5,1-4-5,1160,5,1-4,240,1,1-4-5,500,3,1-4,220,1,,,,,,,
20250915,芦屋,2,サンライズＷ,晴,南,1,1,3,5,3631,田 添 康 介,40,165,6.83,5,0.20,1.52.5,1-4-5,1160,5,1-4,240,1,1-4-5,500,3,1-4,220,1,,,,,,,
20250915,芦屋,2,サンライズＷ,晴,南,1,1,4,2,4374,永 田 義 紘,4,122,6.82,2,0.17,1.53.0,1-4-5,1160,5,1-4,240,1,1-4-5,500,3,1-4,220,1,,,,,,,
20250915,芦屋,2,サンライズＷ,晴,南,1,1,5,3,4429,豊 田 泰 洋,27,116,6.87,3,0.21,,1-4-5,1160,5,1-4,240,1,1-4-5,500,3,1-4,220,1,,,,,,,
20250915,芦屋,2,サンライズＷ,晴,南,1,1,6,6,5392,安 武 一 也,37,113,6.90,6,0.22,,1-4-5,1160,5,1-4,240,1,1-4-5,500,3,1-4,220,1,,,,,,,
20250915,芦屋,3,サンライズＸ,晴,南,1,1,1,1,3813,佐 藤 大 介,22,141,6.85,1,0.13,1.49.5,1-2-5,820,4,1-2,330,2,1-2-5,450,3,1-2,330,2,,,,,,,
20250915,芦屋,3,サンライズＸ,晴,南,1,1,2,2,4979,中 野 夢 斗,39,158,6.89,2,0.15,1.50.7,1-2-5,820,4,1-2,330,2,1-2-5,450,3,1-2,330,2,,,,,,,
20250915,芦屋,3,サンライズＸ,晴,南,1,1,3,5,4363,大 野 芳 顕,35,118,6.79,5,0.11,1.52.8,1-2-5,820,4,1-2,330,2,1-2-5,450,3,1-2,330,2,,,,,,,
20250915,芦屋,3,サンライズＸ,晴,南,1,1,4,3,4209,藤 田 竜 弘,51,169,6.90,3,0.16,1.53.7,1-2-5,820,4,1-2,330,2,1-2-5,450,3,1-2,330,2,,,,,,,
20250915,芦屋,3,サンライズＸ,晴,南,1,1,5,6,4219,本 岡 勝 利,6,126,6.88,6,0.14,,1-2-5,820,4,1-2,330,2,1-2-5,450,3,1-2,330,2,,,,,,,
20250915,芦屋,3,サンライズＸ,晴,南,1,1,6,4,5101,表 健 太,59,144,6.78,4,0.14,,1-2-5,820,4,1-2,330,2,1-2-5,450,3,1-2,330,2,,,,,,,
20250915,芦屋,4,サンライズＹ 進入固定,晴,南,1,1,1,1,4384,鶴 本 崇 文,58,168,6.81,1,0.16,1.50.2,1-3-4,1280,5,1-3,530,3,1-3-4,530,3,1-3,410,3,,,,,,,
20250915,芦屋,4,サンライズＹ 進入固定,晴,南,1,1,2,3,3696,白 井 友 晴,50,156,6.83,3,0.17,1.51.3,1-3-4,1280,5,1-3,530,3,1-3-4,530,3,1-3,410,3,,,,,,,
20250915,芦屋,4,サンライズＹ 進入固定,晴,南,1,1,3,4,3333,丸 尾 義 孝,52,155,6.83,4,0.15,1.52.3,1-3-4,1280,5,1-3,530,3,1-3-4,530,3,1-3,410,3,,,,,,,
20250915,芦屋,4,サンライズＹ 進入固定,晴,南,1,1,4,2,5212,西 川 拓 利,30,153,6.76,2,0.16,1.52.9,1-3-4,1280,5,1-3,530,3,1-3-4,530,3,1-3,410,3,,,,,,,
20250915,芦屋,4,サンライズＹ 進入固定,晴,南,1,1,5,5,4752,西 尾 亮 輔,42,142,6.76,5,0.13,,1-3-4,1280,5,1-3,530,3,1-3-4,530,3,1-3,410,3,,,,,,,
20250915,芦屋,4,サンライズＹ 進入固定,晴,南,1,1,6,6,5374,木 山 大 聖,60,164,6.80,6,0.17,,1-3-4,1280,5,1-3,530,3,1-3-4,530,3,1-3,410,3,,,,,,,
20250915,芦屋,5,サンライズＺ,晴,南,1,1,1,1,4434,田 中 辰 彦,7,147,6.85,1,0.13,1.53.1,1-3-6,1210,5,1-3,380,2,1-3-6,500,2,1-3,310,2,,,,,,,
20250915,芦屋,5,サンライズＺ,晴,南,1,1,2,3,4179,広 次 修,24,170,6.85,3,0.06,1.55.4,1-3-6,1210,5,1-3,380,2,1-3-6,500,2,1-3,310,2,,,,,,,
20250915,芦屋,5,サンライズＺ,晴,南,1,1,3,6,3915,繁野谷 圭 介,53,140,6.91,6,0.09,1.58.2,1-3-6,1210,5,1-3,380,2,1-3-6,500,2,1-3,310,2,,,,,,,
20250915,芦屋,5,サンライズＺ,晴,南,1,1,4,5,3587,武 田 信 一,16,127,6.83,5,0.06,2.05.0,1-3-6,1210,5,1-3,380,2,1-3-6,500,2,1-3,310,2,,,,,,,
20250915,芦屋,5,サンライズＺ,晴,南,1,1,5,2,4458,抹 香 雄 三,20,114,6.82,2,0.10,,1-3-6,1210,5,1-3,380,2,1-3-6,500,2,1-3,310,2,,,,,,,
20250915,芦屋,5,サンライズＺ,晴,南,1,1,S1,4,4565,西 村 豪 洋,55,138,6.76,4,0.02,,1-3-6,1210,5,1-3,380,2,1-3-6,500,2,1-3,310,2,,,,,,,
20250915,芦屋,6,一般,晴,南,1,1,1,3,4580,長谷川 雅 和,48,145,6.84,4,0.12,1.49.4,3-5-1,1760,2,3-5,570,1,1-3-5,460,1,3-5,350,1,,,,,,,
20250915,芦屋,6,一般,晴,南,1,1,2,5,4581,吉 村 誠,38,167,6.83,5,0.13,1.50.5,3-5-1,1760,2,3-5,570,1,1-3-5,460,1,3-5,350,1,,,,,,,
20250915,芦屋,6,一般,晴,南,1,1,3,1,4429,豊 田 泰 洋,27,116,6.84,1,0.17,1.52.1,3-5-1,1760,2,3-5,570,1,1-3-5,460,1,3-5,350,1,,,,,,,
20250915,芦屋,6,一般,晴,南,1,1,4,4,3933,山 地 正 樹,47,151,6.78,2,0.14,1.52.2,3-5-1,1760,2,3-5,570,1,1-3-5,460,1,3-5,350,1,,,,,,,
20250915,芦屋,6,一般,晴,南,1,1,5,2,3535,渡 修 平,11,148,6.76,3,0.23,,3-5-1,1760,2,3-5,570,1,1-3-5,460,1,3-5,350,1,,,,,,,
20250915,芦屋,6,一般,晴,南,1,1,6,6,5408,中 山 鷹 輔,1,154,6.80,6,0.18,,3-5-1,1760,2,3-5,570,1,1-3-5,460,1,3-5,350,1,,,,,,,
20250915,芦屋,7,一般 進入固定,晴,北西,2,2,1,1,5101,表 健 太,59,144,6.82,1,0.18,1.50.7,1-4-2,5830,26,1-4,1920,9,1-2-4,960,6,1-4,1800,8,,,,,,,
20250915,芦屋,7,一般 進入固定,晴,北西,2,2,2,4,4374,永 田 義 紘,4,122,6.82,4,0.16,1.52.2,1-4-2,5830,26,1-4,1920,9,1-2-4,960,6,1-4,1800,8,,,,,,,
20250915,芦屋,7,一般 進入固定,晴,北西,2,2,3,2,5054,佐々木 大 河,31,117,6.86,2,0.14,1.53.6,1-4-2,5830,26,1-4,1920,9,1-2-4,960,6,1-4,1800,8,,,,,,,
20250915,芦屋,7,一般 進入固定,晴,北西,2,2,4,3,4633,森 智 也,28,146,6.89,3,0.13,1.54.2,1-4-2,5830,26,1-4,1920,9,1-2-4,960,6,1-4,1800,8,,,,,,,
20250915,芦屋,7,一般 進入固定,晴,北西,2,2,5,5,4979,中 野 夢 斗,39,158,6.87,5,0.11,,1-4-2,5830,26,1-4,1920,9,1-2-4,960,6,1-4,1800,8,,,,,,,
20250915,芦屋,7,一般 進入固定,晴,北西,2,2,6,6,5392,安 武 一 也,37,113,6.86,6,0.11,,1-4-2,5830,26,1-4,1920,9,1-2-4,960,6,1-4,1800,8,,,,,,,
20250915,芦屋,8,一般,晴,北西,3,3,1,1,4752,西 尾 亮 輔,42,142,6.86,1,0.06,1.50.0,1-3-4,4030,13,1-3,1850,7,1-3-4,1440,6,1-3,960,4,,,,,,,
20250915,芦屋,8,一般,晴,北西,3,3,2,3,4219,本 岡 勝 利,6,126,6.96,3,0.11,1.52.1,1-3-4,4030,13,1-3,1850,7,1-3-4,1440,6,1-3,960,4,,,,,,,
20250915,芦屋,8,一般,晴,北西,3,3,3,4,4432,黄金井 力 良,56,134,6.87,4,0.03,1.53.8,1-3-4,4030,13,1-3,1850,7,1-3-4,1440,6,1-3,960,4,,,,,,,
20250915,芦屋,8,一般,晴,北西,3,3,4,2,4363,大 野 芳 顕,35,118,6.85,2,0.11,1.54.7,1-3-4,4030,13,1-3,1850,7,1-3-4,1440,6,1-3,960,4,,,,,,,
20250915,芦屋,8,一般,晴,北西,3,3,5,6,3860,松 本 浩 貴,41,150,7.03,6,0.11,,1-3-4,4030,13,1-3,1850,7,1-3-4,1440,6,1-3,960,4,,,,,,,
20250915,芦屋,8,一般,晴,北西,3,3,6,5,5374,木 山 大 聖,60,164,6.86,5,0.01,,1-3-4,4030,13,1-3,1850,7,1-3-4,1440,6,1-3,960,4,,,,,,,
20250915,芦屋,9,アシ夢特選,晴,北西,3,3,1,1,4179,広 次 修,24,170,6.80,1,0.15,1.49.9,1-3-4,1050,3,1-3,260,1,1-3-4,600,3,1-3,180,1,,,,,,,
20250915,芦屋,9,アシ夢特選,晴,北西,3,3,2,3,3333,丸 尾 義 孝,52,155,6.88,3,0.14,1.50.6,1-3-4,1050,3,1-3,260,1,1-3-4,600,3,1-3,180,1,,,,,,,
20250915,芦屋,9,アシ夢特選,晴,北西,3,3,3,4,3631,田 添 康 介,40,165,6.86,4,0.19,1.52.8,1-3-4,1050,3,1-3,260,1,1-3-4,600,3,1-3,180,1,,,,,,,
20250915,芦屋,9,アシ夢特選,晴,北西,3,3,4,5,3696,白 井 友 晴,50,156,6.88,5,0.17,1.54.0,1-3-4,1050,3,1-3,260,1,1-3-4,600,3,1-3,180,1,,,,,,,
20250915,芦屋,9,アシ夢特選,晴,北西,3,3,5,2,3605,中 村 守 成,45,136,6.91,2,0.16,,1-3-4,1050,3,1-3,260,1,1-3-4,600,3,1-3,180,1,,,,,,,
20250915,芦屋,9,アシ夢特選,晴,北西,3,3,6,6,4209,藤 田 竜 弘,51,169,6.92,6,0.19,,1-3-4,1050,3,1-3,260,1,1-3-4,600,3,1-3,180,1,,,,,,,
20250915,芦屋,10,選抜戦,晴,北西,5,5,1,1,3915,繁野谷 圭 介,53,123,6.91,1,0.25,1.49.4,1-3-2,1530,4,1-3,610,2,1-2-3,370,2,1-3,390,2,,,,,,,
20250915,芦屋,10,選抜戦,晴,北西,5,5,2,3,4159,向 後 龍 一,57,129,6.89,3,0.24,1.50.6,1-3-2,1530,4,1-3,610,2,1-2-3,370,2,1-3,390,2,,,,,,,
20250915,芦屋,10,選抜戦,晴,北西,5,5,3,2,4384,鶴 本 崇 文,58,168,6.91,2,0.25,1.52.4,1-3-2,1530,4,1-3,610,2,1-2-3,370,2,1-3,390,2,,,,,,,
20250915,芦屋,10,選抜戦,晴,北西,5,5,4,5,3535,渡 修 平,11,148,6.83,5,0.29,1.53.8,1-3-2,1530,4,1-3,610,2,1-2-3,370,2,1-3,390,2,,,,,,,
20250915,芦屋,10,選抜戦,晴,北西,5,5,5,6,5212,西 川 拓 利,30,153,6.83,6,0.27,,1-3-2,1530,4,1-3,610,2,1-2-3,370,2,1-3,390,2,,,,,,,
20250915,芦屋,10,選抜戦,晴,北西,5,5,6,4,3813,佐 藤 大 介,22,141,6.93,4,0.25,,1-3-2,1530,4,1-3,610,2,1-2-3,370,2,1-3,390,2,,,,,,,
20250915,芦屋,11,選抜戦,晴,北西,5,5,1,1,4051,清 水 敦 揮,44,111,6.87,1,0.12,1.49.3,1-2-5,1210,5,1-2,220,1,1-2-5,620,2,1-2,180,1,,,,,,,
20250915,芦屋,11,選抜戦,晴,北西,5,5,2,2,4434,田 中 辰 彦,7,147,6.92,2,0.14,1.51.3,1-2-5,1210,5,1-2,220,1,1-2-5,620,2,1-2,180,1,,,,,,,
20250915,芦屋,11,選抜戦,晴,北西,5,5,3,5,4633,森 智 也,28,146,6.90,5,0.15,1.52.2,1-2-5,1210,5,1-2,220,1,1-2-5,620,2,1-2,180,1,,,,,,,
20250915,芦屋,11,選抜戦,晴,北西,5,5,4,3,4581,吉 村 誠,38,167,6.90,3,0.12,1.53.4,1-2-5,1210,5,1-2,220,1,1-2-5,620,2,1-2,180,1,,,,,,,
20250915,芦屋,11,選抜戦,晴,北西,5,5,5,4,4458,抹 香 雄 三,20,114,6.87,4,0.15,,1-2-5,1210,5,1-2,220,1,1-2-5,620,2,1-2,180,1,,,,,,,
20250915,芦屋,11,選抜戦,晴,北西,5,5,6,6,4580,長谷川 雅 和,48,145,6.95,6,0.14,,1-2-5,1210,5,1-2,220,1,1-2-5,620,2,1-2,180,1,,,,,,,
20250915,芦屋,12,優勝戦,晴,北西,5,5,1,1,4812,西 野 雄 貴,14,161,6.85,1,0.07,1.49.3,1-3-2,1340,4,1-3,520,2,1-2-3,450,1,1-3,480,2,,,,,,,
20250915,芦屋,12,優勝戦,晴,北西,5,5,2,3,4437,中 田 元 泰,3,130,6.85,3,0.12,1.50.3,1-3-2,1340,4,1-3,520,2,1-2-3,450,1,1-3,480,2,,,,,,,
20250915,芦屋,12,優勝戦,晴,北西,5,5,3,2,4762,藤 原 啓史朗,18,112,6.80,2,0.11,1.52.4,1-3-2,1340,4,1-3,520,2,1-2-3,450,1,1-3,480,2,,,,,,,
20250915,芦屋,12,優勝戦,晴,北西,5,5,4,5,4737,竹 井 貴 史,5,143,6.86,5,0.12,1.54.1,1-3-2,1340,4,1-3,520,2,1-2-3,450,1,1-3,480,2,,,,,,,
20250915,芦屋,12,優勝戦,晴,北西,5,5,5,4,4679,植 田 太 一,32,120,6.72,4,0.17,,1-3-2,1340,4,1-3,520,2,1-2-3,450,1,1-3,480,2,,,,,,,
20250915,芦屋,12,優勝戦,晴,北西,5,5,6,6,4985,井 本 昌 也,25,163,6.86,6,0.18,,1-3-2,1340,4,1-3,520,2,1-2-3,450,1,1-3,480,2,,,,,,,
20250915,若松,1,予選,晴,北,1,1,1,1,4720,西 澤 日花里,62,75,6.87,1,0.09,1.51.9,1-3-5,2660,10,1-3,890,3,1-3-5,1070,5,1-3,920,3,,,,,,,
20250915,若松,1,予選,晴,北,1,1,2,3,5052,赤 井 星璃菜,41,63,6.83,3,0.12,1.53.7,1-3-5,2660,10,1-3,890,3,1-3-5,1070,5,1-3,920,3,,,,,,,
20250915,若松,1,予選,晴,北,1,1,3,5,5162,松 尾 怜 実,18,61,6.85,5,0.17,1.54.8,1-3-5,2660,10,1-3,890,3,1-3-5,1070,5,1-3,920,3,,,,,,,
20250915,若松,1,予選,晴,北,1,1,4,2,5003,来 田 衣 織,40,56,6.81,2,0.08,1.56.6,1-3-5,2660,10,1-3,890,3,1-3-5,1070,5,1-3,920,3,,,,,,,
20250915,若松,1,予選,晴,北,1,1,5,4,5164,森 田 梨 湖,24,59,6.88,4,0.17,,1-3-5,2660,10,1-3,890,3,1-3-5,1070,5,1-3,920,3,,,,,,,
20250915,若松,1,予選,晴,北,1,1,6,6,5367,赤 松 咲 香,57,20,6.79,6,0.16,,1-3-5,2660,10,1-3,890,3,1-3-5,1070,5,1-3,920,3,,,,,,,
20250915,若松,2,予選,晴,北,2,2,1,5,4874,池 田 奈津美,29,12,6.91,2,0.06,1.51.3,5-4-3,7630,39,5-4,2040,13,3-4-5,1620,10,4-5,1120,7,,,,,,,
20250915,若松,2,予選,晴,北,2,2,2,4,4784,向井田 真 紀,6,66,6.79,5,0.09,1.53.2,5-4-3,7630,39,5-4,2040,13,3-4-5,1620,10,4-5,1120,7,,,,,,,
20250915,若松,2,予選,晴,北,2,2,3,3,5173,谷 口 佳 蓮,9,70,6.91,4,0.11,1.53.3,5-4-3,7630,39,5-4,2040,13,3-4-5,1620,10,4-5,1120,7,,,,,,,
20250915,若松,2,予選,晴,北,2,2,4,6,5088,高 憧 四 季,37,55,6.85,6,0.17,1.53.9,5-4-3,7630,39,5-4,2040,13,3-4-5,1620,10,4-5,1120,7,,,,,,,
20250915,若松,2,予選,晴,北,2,2,5,1,4300,加 藤 綾,31,44,6.81,1,0.07,,5-4-3,7630,39,5-4,2040,13,3-4-5,1620,10,4-5,1120,7,,,,,,,
20250915,若松,2,予選,晴,北,2,2,6,2,5305,伊 藤 栞,16,32,6.87,3,0.07,,5-4-3,7630,39,5-4,2040,13,3-4-5,1620,10,4-5,1120,7,,,,,,,
20250915,若松,3,予選,晴,北,2,2,1,2,4317,木 村 紗友希,54,45,6.93,2,0.21,1.51.8,2-4-6,11870,66,2-4,2810,18,2-4-6,3750,17,2-4,1620,11,,,,,,,
20250915,若松,3,予選,晴,北,2,2,2,4,5144,中 尾 彩 香,43,14,6.95,4,0.15,1.53.3,2-4-6,11870,66,2-4,2810,18,2-4-6,3750,17,2-4,1620,11,,,,,,,
20250915,若松,3,予選,晴,北,2,2,3,6,4764,小 池 礼 乃,48,67,6.91,6,0.18,1.54.4,2-4-6,11870,66,2-4,2810,18,2-4-6,3750,17,2-4,1620,11,,,,,,,
20250915,若松,3,予選,晴,北,2,2,4,5,5218,山 田 理 央,55,13,6.86,5,0.09,1.54.9,2-4-6,11870,66,2-4,2810,18,2-4-6,3750,17,2-4,1620,11,,,,,,,
20250915,若松,3,予選,晴,北,2,2,5,3,5272,松 田 真 実,25,40,6.87,3,0.18,,2-4-6,11870,66,2-4,2810,18,2-4-6,3750,17,2-4,1620,11,,,,,,,
20250915,若松,3,予選,晴,北,2,2,6,1,5248,本 田 愛,19,74,6.90,1,0.32,,2-4-6,11870,66,2-4,2810,18,2-4-6,3750,17,2-4,1620,11,,,,,,,
20250915,若松,4,予選,晴,北,1,1,1,3,5193,米 丸 乃 絵,1,39,6.85,3,0.11,1.50.0,3-2-4,3360,14,3-2,1010,5,2-3-4,790,4,2-3,630,3,,,,,,,
20250915,若松,4,予選,晴,北,1,1,2,2,4909,薮 内 瑞 希,10,21,6.84,2,0.08,1.53.0,3-2-4,3360,14,3-2,1010,5,2-3-4,790,4,2-3,630,3,,,,,,,
20250915,若松,4,予選,晴,北,1,1,3,4,5019,柴 田 百 恵,34,71,6.85,4,0.13,1.54.0,3-2-4,3360,14,3-2,1010,5,2-3-4,790,4,2-3,630,3,,,,,,,
20250915,若松,4,予選,晴,北,1,1,4,5,5140,吉 田 彩 乃,56,31,6.89,5,0.16,1.55.2,3-2-4,3360,14,3-2,1010,5,2-3-4,790,4,2-3,630,3,,,,,,,
20250915,若松,4,予選,晴,北,1,1,5,1,5146,野 田 彩 加,26,28,6.90,1,0.14,,3-2-4,3360,14,3-2,1010,5,2-3-4,790,4,2-3,630,3,,,,,,,
20250915,若松,4,予選,晴,北,1,1,6,6,4447,深 川 麻奈美,17,64,6.92,6,0.16,,3-2-4,3360,14,3-2,1010,5,2-3-4,790,4,2-3,630,3,,,,,,,
20250915,若松,5,進入固定戦隊 進入固定,晴,北,1,1,1,1,4765,野田部 宏 子,12,51,6.89,1,0.00,1.51.4,1-3-4,960,1,1-3,430,1,1-3-4,400,2,1-3,500,3,,,,,,,
20250915,若松,5,進入固定戦隊 進入固定,晴,北,1,1,2,3,5281,井 上 遥 妃,30,49,6.89,3,0.06,1.52.2,1-3-4,960,1,1-3,430,1,1-3-4,400,2,1-3,500,3,,,,,,,
20250915,若松,5,進入固定戦隊 進入固定,晴,北,1,1,3,4,5205,刑 部 亜里紗,3,15,6.91,4,0.15,1.54.1,1-3-4,960,1,1-3,430,1,1-3-4,400,2,1-3,500,3,,,,,,,
20250915,若松,5,進入固定戦隊 進入固定,晴,北,1,1,4,2,4773,中 川 り な,52,58,6.93,2,0.07,1.55.3,1-3-4,960,1,1-3,430,1,1-3-4,400,2,1-3,500,3,,,,,,,
20250915,若松,5,進入固定戦隊 進入固定,晴,北,1,1,5,6,5231,寺 田 空 詩,36,11,6.84,6,0.16,,1-3-4,960,1,1-3,430,1,1-3-4,400,2,1-3,500,3,,,,,,,
20250915,若松,5,進入固定戦隊 進入固定,晴,北,1,1,6,5,5265,大 廣 咲 季,45,52,6.94,5,0.16,,1-3-4,960,1,1-3,430,1,1-3-4,400,2,1-3,500,3,,,,,,,
20250915,若松,6,予選,晴,北,1,1,1,3,5129,山 口 真喜子,11,62,6.88,3,0.26,1.50.5,3-5-1,2820,11,3-5,1370,6,1-3-5,280,1,3-5,510,4,,,,,,,
20250915,若松,6,予選,晴,北,1,1,2,5,4963,實 森 美 祐,14,35,6.88,5,0.22,1.51.9,3-5-1,2820,11,3-5,1370,6,1-3-5,280,1,3-5,510,4,,,,,,,
20250915,若松,6,予選,晴,北,1,1,3,1,4349,犬 童 千 秋,44,22,6.86,1,0.29,1.53.5,3-5-1,2820,11,3-5,1370,6,1-3-5,280,1,3-5,510,4,,,,,,,
20250915,若松,6,予選,晴,北,1,1,4,2,3871,池 田 紫 乃,59,68,6.96,2,0.34,1.55.6,3-5-1,2820,11,3-5,1370,6,1-3-5,280,1,3-5,510,4,,,,,,,
20250915,若松,6,予選,晴,北,1,1,5,6,3518,倉 田 郁 美,58,17,6.97,6,0.26,,3-5-1,2820,11,3-5,1370,6,1-3-5,280,1,3-5,510,4,,,,,,,
20250915,若松,6,予選,晴,北,1,1,6,4,5162,松 尾 怜 実,18,61,6.91,4,0.24,,3-5-1,2820,11,3-5,1370,6,1-3-5,280,1,3-5,510,4,,,,,,,
20250915,若松,7,予選特賞,晴,北,1,1,1,2,4961,西 橋 奈 未,46,65,6.83,2,0.14,1.50.6,2-5-4,4580,15,2-5,2010,7,2-4-5,600,2,2-5,1590,4,,,,,,,
20250915,若松,7,予選特賞,晴,北,1,1,2,5,5045,平 川 香 織,51,42,6.87,5,0.27,1.51.7,2-5-4,4580,15,2-5,2010,7,2-4-5,600,2,2-5,1590,4,,,,,,,
20250915,若松,7,予選特賞,晴,北,1,1,3,4,4590,渡 邉 優 美,35,41,6.89,4,0.17,1.53.4,2-5-4,4580,15,2-5,2010,7,2-4-5,600,2,2-5,1590,4,,,,,,,
20250915,若松,7,予選特賞,晴,北,1,1,4,3,5003,来 田 衣 織,40,56,6.86,3,0.14,1.55.6,2-5-4,4580,15,2-5,2010,7,2-4-5,600,2,2-5,1590,4,,,,,,,
20250915,若松,7,予選特賞,晴,北,1,1,5,1,4927,関 野 文,61,53,6.86,1,0.14,,2-5-4,4580,15,2-5,2010,7,2-4-5,600,2,2-5,1590,4,,,,,,,
20250915,若松,7,予選特賞,晴,北,1,1,6,6,4464,山 下 友 貴,7,33,6.88,6,0.27,,2-5-4,4580,15,2-5,2010,7,2-4-5,600,2,2-5,1590,4,,,,,,,
20250915,若松,8,エイトビート,晴,北,1,1,1,1,4433,川 野 芽 唯,23,25,6.80,1,0.17,1.50.3,1-2-6,580,2,1-2,180,1,1-2-6,310,2,1-2,170,1,,,,,,,
20250915,若松,8,エイトビート,晴,北,1,1,2,2,4014,片 岡 恵 里,27,47,6.83,2,0.15,1.52.8,1-2-6,580,2,1-2,180,1,1-2-6,310,2,1-2,170,1,,,,,,,
20250915,若松,8,エイトビート,晴,北,1,1,3,6,5013,山 下 夏 鈴,38,26,6.80,6,0.11,1.54.4,1-2-6,580,2,1-2,180,1,1-2-6,310,2,1-2,170,1,,,,,,,
20250915,若松,8,エイトビート,晴,北,1,1,4,4,5173,谷 口 佳 蓮,9,70,6.90,4,0.11,1.56.0,1-2-6,580,2,1-2,180,1,1-2-6,310,2,1-2,170,1,,,,,,,
20250915,若松,8,エイトビート,晴,北,1,1,5,5,5248,本 田 愛,19,74,6.87,5,0.16,,1-2-6,580,2,1-2,180,1,1-2-6,310,2,1-2,170,1,,,,,,,
20250915,若松,8,エイトビート,晴,北,1,1,6,3,5164,森 田 梨 湖,24,59,6.91,3,0.16,,1-2-6,580,2,1-2,180,1,1-2-6,310,2,1-2,170,1,,,,,,,
20250915,若松,9,予選,晴,北,1,1,1,1,4530,小 野 生 奈,21,37,6.72,1,0.09,1.59.4,1-2-5,530,1,1-2,190,1,1-2-5,260,1,1-2,180,1,,,,,,,
20250915,若松,9,予選,晴,北,1,1,2,2,3232,山 川 美由紀,4,38,6.86,2,0.16,2.02.8,1-2-5,530,1,1-2,190,1,1-2-5,260,1,1-2,180,1,,,,,,,
20250915,若松,9,予選,晴,北,1,1,3,5,4909,薮 内 瑞 希,10,21,6.85,5,0.21,2.05.1,1-2-5,530,1,1-2,190,1,1-2-5,260,1,1-2,180,1,,,,,,,
20250915,若松,9,予選,晴,北,1,1,4,6,5165,小 林 愛 実,49,23,6.85,6,0.22,2.07.5,1-2-5,530,1,1-2,190,1,1-2-5,260,1,1-2,180,1,,,,,,,
20250915,若松,9,予選,晴,北,1,1,5,4,5272,松 田 真 実,25,40,6.84,4,0.19,,1-2-5,530,1,1-2,190,1,1-2-5,260,1,1-2,180,1,,,,,,,
20250915,若松,9,予選,晴,北,1,1,S1,3,5265,大 廣 咲 季,45,52,6.92,3,0.15,,1-2-5,530,1,1-2,190,1,1-2-5,260,1,1-2,180,1,,,,,,,
20250915,若松,10,予選特賞,晴,北,1,1,1,1,4963,實 森 美 祐,14,35,6.84,1,0.16,1.50.0,1-3-5,500,1,1-3,220,1,1-3-5,260,1,1-3,270,1,,,,,,,
20250915,若松,10,予選特賞,晴,北,1,1,2,3,4447,深 川 麻奈美,17,64,6.88,3,0.11,1.51.6,1-3-5,500,1,1-3,220,1,1-3-5,260,1,1-3,270,1,,,,,,,
20250915,若松,10,予選特賞,晴,北,1,1,3,5,5281,井 上 遥 妃,30,49,6.83,5,0.15,1.53.0,1-3-5,500,1,1-3,220,1,1-3-5,260,1,1-3,270,1,,,,,,,
20250915,若松,10,予選特賞,晴,北,1,1,4,2,4300,加 藤 綾,31,44,6.86,2,0.25,1.54.6,1-3-5,500,1,1-3,220,1,1-3-5,260,1,1-3,270,1,,,,,,,
20250915,若松,10,予選特賞,晴,北,1,1,5,4,4720,西 澤 日花里,62,75,6.97,4,0.16,,1-3-5,500,1,1-3,220,1,1-3-5,260,1,1-3,270,1,,,,,,,
20250915,若松,10,予選特賞,晴,北,1,1,6,6,5144,中 尾 彩 香,43,14,6.88,6,0.16,,1-3-5,500,1,1-3,220,1,1-3-5,260,1,1-3,270,1,,,,,,,
20250915,若松,11,予選特選,晴,北,1,1,1,1,5218,山 田 理 央,55,13,6.82,1,0.11,1.50.7,1-3-6,940,1,1-3,330,1,1-3-6,430,1,1-3,250,1,,,,,,,
20250915,若松,11,予選特選,晴,北,1,1,2,3,5205,刑 部 亜里紗,3,15,6.89,3,0.16,1.52.0,1-3-6,940,1,1-3,330,1,1-3-6,430,1,1-3,250,1,,,,,,,
20250915,若松,11,予選特選,晴,北,1,1,3,6,4590,渡 邉 優 美,35,41,6.90,6,0.19,1.54.0,1-3-6,940,1,1-3,330,1,1-3-6,430,1,1-3,250,1,,,,,,,
20250915,若松,11,予選特選,晴,北,1,1,4,4,4349,犬 童 千 秋,44,22,6.86,4,0.12,1.54.4,1-3-6,940,1,1-3,330,1,1-3-6,430,1,1-3,250,1,,,,,,,
20250915,若松,11,予選特選,晴,北,1,1,5,5,5019,柴 田 百 恵,34,71,6.87,5,0.16,,1-3-6,940,1,1-3,330,1,1-3-6,430,1,1-3,250,1,,,,,,,
20250915,若松,11,予選特選,晴,北,1,1,6,2,4874,池 田 奈津美,29,12,6.92,2,0.15,,1-3-6,940,1,1-3,330,1,1-3-6,430,1,1-3,250,1,,,,,,,
20250915,若松,12,２ｎｄドリー,晴,北,1,1,1,1,4961,西 橋 奈 未,46,65,6.85,1,0.11,1.50.2,1-3-2,1030,3,1-3,340,2,1-2-3,300,1,1-3,390,2,,,,,,,
20250915,若松,12,２ｎｄドリー,晴,北,1,1,2,3,5088,高 憧 四 季,37,55,6.91,3,0.13,1.51.9,1-3-2,1030,3,1-3,340,2,1-2-3,300,1,1-3,390,2,,,,,,,
20250915,若松,12,２ｎｄドリー,晴,北,1,1,3,2,4433,川 野 芽 唯,23,25,6.85,2,0.13,1.53.3,1-3-2,1030,3,1-3,340,2,1-2-3,300,1,1-3,390,2,,,,,,,
20250915,若松,12,２ｎｄドリー,晴,北,1,1,4,4,5193,米 丸 乃 絵,1,39,6.87,4,0.17,1.54.0,1-3-2,1030,3,1-3,340,2,1-2-3,300,1,1-3,390,2,,,,,,,
20250915,若松,12,２ｎｄドリー,晴,北,1,1,5,5,4773,中 川 り な,52,58,6.89,5,0.23,,1-3-2,1030,3,1-3,340,2,1-2-3,300,1,1-3,390,2,,,,,,,
20250915,若松,12,２ｎｄドリー,晴,北,1,1,6,6,5129,山 口 真喜子,11,62,6.84,6,0.21,,1-3-2,1030,3,1-3,340,2,1-2-3,300,1,1-3,390,2,,,,,,,
20250915,鳴門,1,予選,晴,北,2,2,1,1,4886,入 海 馨,73,70,6.86,1,0.12,1.48.8,1-3-2,1570,5,1-3,450,2,1-2-3,500,1,1-3,410,2,,,,,,,
20250915,鳴門,1,予選,晴,北,2,2,2,3,4739,中 村 晃 朋,69,53,6.97,3,0.11,1.50.6,1-3-2,1570,5,1-3,450,2,1-2-3,500,1,1-3,410,2,,,,,,,
20250915,鳴門,1,予選,晴,北,2,2,3,2,4571,菅 章 哉,62,36,6.90,2,0.06,1.52.8,1-3-2,1570,5,1-3,450,2,1-2-3,500,1,1-3,410,2,,,,,,,
20250915,鳴門,1,予選,晴,北,2,2,4,5,3304,烏 野 賢 太,71,10,6.87,5,0.10,1.52.9,1-3-2,1570,5,1-3,450,2,1-2-3,500,1,1-3,410,2,,,,,,,
20250915,鳴門,1,予選,晴,北,2,2,5,6,4061,萩 原 秀 人,33,33,6.92,6,0.08,,1-3-2,1570,5,1-3,450,2,1-2-3,500,1,1-3,410,2,,,,,,,
20250915,鳴門,1,予選,晴,北,2,2,6,4,4497,桑 原 悠,17,83,6.90,4,0.10,,1-3-2,1570,5,1-3,450,2,1-2-3,500,1,1-3,410,2,,,,,,,
20250915,鳴門,2,予選,晴,北西,2,2,1,3,4504,前 田 将 太,36,26,6.87,3,0.12,1.48.0,3-5-2,16340,54,3-5,3780,13,2-3-5,2320,10,3-5,2130,9,,,,,,,
20250915,鳴門,2,予選,晴,北西,2,2,2,5,4444,桐 生 順 平,22,18,6.79,5,0.12,1.49.3,3-5-2,16340,54,3-5,3780,13,2-3-5,2320,10,3-5,2130,9,,,,,,,
20250915,鳴門,2,予選,晴,北西,2,2,3,2,4024,井 口 佳 典,29,84,6.87,2,0.11,1.51.1,3-5-2,16340,54,3-5,3780,13,2-3-5,2320,10,3-5,2130,9,,,,,,,
20250915,鳴門,2,予選,晴,北西,2,2,4,1,4732,堀 本 和 也,53,73,6.84,1,0.08,1.51.9,3-5-2,16340,54,3-5,3780,13,2-3-5,2320,10,3-5,2130,9,,,,,,,
20250915,鳴門,2,予選,晴,北西,2,2,5,6,4084,杉 山 正 樹,76,65,6.83,6,0.10,,3-5-2,16340,54,3-5,3780,13,2-3-5,2320,10,3-5,2130,9,,,,,,,
20250915,鳴門,2,予選,晴,北西,2,2,6,4,5043,中 村 日 向,39,59,6.95,4,0.11,,3-5-2,16340,54,3-5,3780,13,2-3-5,2320,10,3-5,2130,9,,,,,,,
20250915,鳴門,3,予選,晴,北西,2,2,1,1,4980,佐々木 完 太,15,79,6.95,1,0.08,1.50.0,1-2-3,1780,4,1-2,450,1,1-2-3,620,2,1-2,300,1,,,,,,,
20250915,鳴門,3,予選,晴,北西,2,2,2,2,4445,宮 地 元 輝,79,34,6.81,2,0.06,1.51.6,1-2-3,1780,4,1-2,450,1,1-2-3,620,2,1-2,300,1,,,,,,,
20250915,鳴門,3,予選,晴,北西,2,2,3,3,4839,四 宮 与 寛,20,76,6.94,3,0.07,1.52.4,1-2-3,1780,4,1-2,450,1,1-2-3,620,2,1-2,300,1,,,,,,,
20250915,鳴門,3,予選,晴,北西,2,2,4,4,5042,畑 田 汰 一,31,20,6.94,4,0.04,1.52.8,1-2-3,1780,4,1-2,450,1,1-2-3,620,2,1-2,300,1,,,,,,,
20250915,鳴門,3,予選,晴,北西,2,2,5,6,4847,佐 藤 隆太郎,65,31,6.94,6,0.12,,1-2-3,1780,4,1-2,450,1,1-2-3,620,2,1-2,300,1,,,,,,,
20250915,鳴門,3,予選,晴,北西,2,2,6,5,4063,市 橋 卓 士,21,38,6.92,5,0.15,,1-2-3,1780,4,1-2,450,1,1-2-3,620,2,1-2,300,1,,,,,,,
20250915,鳴門,4,予選,晴,無風,0,1,1,2,3941,池 田 浩 二,58,74,6.89,2,0.12,1.48.5,2-1-3,1820,6,2-1,480,2,1-2-3,460,2,1-2,190,1,,,,,,,
20250915,鳴門,4,予選,晴,無風,0,1,2,1,4856,豊 田 健士郎,14,61,6.84,1,0.18,1.49.9,2-1-3,1820,6,2-1,480,2,1-2-3,460,2,1-2,190,1,,,,,,,
20250915,鳴門,4,予選,晴,無風,0,1,3,3,4415,下 出 卓 矢,19,55,6.95,3,0.11,1.51.2,2-1-3,1820,6,2-1,480,2,1-2-3,460,2,1-2,190,1,,,,,,,
20250915,鳴門,4,予選,晴,無風,0,1,4,4,3978,齊 藤 仁,18,68,6.94,4,0.12,1.51.7,2-1-3,1820,6,2-1,480,2,1-2-3,460,2,1-2,190,1,,,,,,,
20250915,鳴門,4,予選,晴,無風,0,1,5,5,4757,山 田 祐 也,78,80,6.88,5,0.13,,2-1-3,1820,6,2-1,480,2,1-2-3,460,2,1-2,190,1,,,,,,,
20250915,鳴門,4,予選,晴,無風,0,1,6,6,4688,永 井 彪 也,82,16,6.97,6,0.17,,2-1-3,1820,6,2-1,480,2,1-2-3,460,2,1-2,190,1,,,,,,,
20250915,鳴門,5,予選,晴,北西,2,2,1,6,4030,森 高 一 真,25,51,6.88,6,0.06,2.02.4,6-1-2,66550,101,6-1,11590,26,1-2-6,1750,8,1-6,1690,8,,,,,,,
20250915,鳴門,5,予選,晴,北西,2,2,2,1,3716,石 渡 鉄 兵,70,67,6.88,1,0.17,2.03.7,6-1-2,66550,101,6-1,11590,26,1-2-6,1750,8,1-6,1690,8,,,,,,,
20250915,鳴門,5,予選,晴,北西,2,2,3,2,4544,松 田 大志郎,64,27,6.74,2,0.26,2.07.6,6-1-2,66550,101,6-1,11590,26,1-2-6,1750,8,1-6,1690,8,,,,,,,
20250915,鳴門,5,予選,晴,北西,2,2,4,3,4586,磯 部 誠,52,75,6.94,3,0.12,2.14.0,6-1-2,66550,101,6-1,11590,26,1-2-6,1750,8,1-6,1690,8,,,,,,,
20250915,鳴門,5,予選,晴,北西,2,2,5,4,3744,徳 増 秀 樹,10,13,6.78,4,0.07,,6-1-2,66550,101,6-1,11590,26,1-2-6,1750,8,1-6,1690,8,,,,,,,
20250915,鳴門,5,予選,晴,北西,2,2,S0,5,4188,久 田 敏 之,28,19,6.94,5,0.07,,6-1-2,66550,101,6-1,11590,26,1-2-6,1750,8,1-6,1690,8,,,,,,,
20250915,鳴門,6,予選,晴,西,1,1,1,1,4494,河 合 佑 樹,56,81,6.79,1,0.06,1.48.2,1-2-5,4000,17,1-2,570,2,1-2-5,1920,8,1-2,380,2,,,,,,,
20250915,鳴門,6,予選,晴,西,1,1,2,2,4019,笠 原 亮,72,72,6.86,2,0.09,1.50.1,1-2-5,4000,17,1-2,570,2,1-2-5,1920,8,1-2,380,2,,,,,,,
20250915,鳴門,6,予選,晴,西,1,1,3,5,4739,中 村 晃 朋,69,53,6.94,5,0.06,1.51.3,1-2-5,4000,17,1-2,570,2,1-2-5,1920,8,1-2,380,2,,,,,,,
20250915,鳴門,6,予選,晴,西,1,1,4,3,4418,茅 原 悠 紀,13,11,6.83,3,0.06,1.52.2,1-2-5,4000,17,1-2,570,2,1-2-5,1920,8,1-2,380,2,,,,,,,
20250915,鳴門,6,予選,晴,西,1,1,5,4,4028,田 村 隆 信,63,82,6.91,4,0.07,,1-2-5,4000,17,1-2,570,2,1-2-5,1920,8,1-2,380,2,,,,,,,
20250915,鳴門,6,予選,晴,西,1,1,6,6,4953,尾 上 雅 也,83,58,6.79,6,0.09,,1-2-5,4000,17,1-2,570,2,1-2-5,1920,8,1-2,380,2,,,,,,,
20250915,鳴門,7,予選,晴,北,1,1,1,1,4266,長 田 頼 宗,77,39,6.74,1,0.05,1.47.5,1-3-6,4020,14,1-3,430,2,1-3-6,2030,7,1-3,350,2,,,,,,,
20250915,鳴門,7,予選,晴,北,1,1,2,3,5084,末 永 和 也,35,32,6.94,3,0.11,1.49.8,1-3-6,4020,14,1-3,430,2,1-3-6,2030,7,1-3,350,2,,,,,,,
20250915,鳴門,7,予選,晴,北,1,1,3,6,5136,濱 野 斗 馬,23,25,6.84,6,0.19,1.51.3,1-3-6,4020,14,1-3,430,2,1-3-6,2030,7,1-3,350,2,,,,,,,
20250915,鳴門,7,予選,晴,北,1,1,4,5,4391,松 田 祐 季,16,60,6.98,5,0.12,1.52.4,1-3-6,4020,14,1-3,430,2,1-3-6,2030,7,1-3,350,2,,,,,,,
20250915,鳴門,7,予選,晴,北,1,1,5,4,4444,桐 生 順 平,22,18,6.77,4,0.15,,1-3-6,4020,14,1-3,430,2,1-3-6,2030,7,1-3,350,2,,,,,,,
20250915,鳴門,7,予選,晴,北,1,1,6,2,3304,烏 野 賢 太,71,10,6.81,2,0.12,,1-3-6,4020,14,1-3,430,2,1-3-6,2030,7,1-3,350,2,,,,,,,
20250915,鳴門,8,予選,晴,無風,0,1,1,2,4362,土 屋 智 則,32,56,6.87,2,0.11,1.48.6,2-1-6,6790,23,2-1,1250,5,1-2-6,1420,8,1-2,410,1,,,,,,,
20250915,鳴門,8,予選,晴,無風,0,1,2,1,4052,興 津 藍,38,22,6.81,1,0.14,1.49.9,2-1-6,6790,23,2-1,1250,5,1-2-6,1420,8,1-2,410,1,,,,,,,
20250915,鳴門,8,予選,晴,無風,0,1,3,6,4024,井 口 佳 典,29,84,6.87,6,0.09,1.50.7,2-1-6,6790,23,2-1,1250,5,1-2-6,1420,8,1-2,410,1,,,,,,,
20250915,鳴門,8,予選,晴,無風,0,1,4,3,4932,新 開 航,11,52,6.99,3,0.09,1.51.1,2-1-6,6790,23,2-1,1250,5,1-2-6,1420,8,1-2,410,1,,,,,,,
20250915,鳴門,8,予選,晴,無風,0,1,5,5,3942,寺 田 祥,81,37,6.89,5,0.09,,2-1-6,6790,23,2-1,1250,5,1-2-6,1420,8,1-2,410,1,,,,,,,
20250915,鳴門,8,予選,晴,無風,0,1,6,4,4847,佐 藤 隆太郎,65,31,6.88,4,0.10,,2-1-6,6790,23,2-1,1250,5,1-2-6,1420,8,1-2,410,1,,,,,,,
20250915,鳴門,9,予選,晴,南東,2,2,1,3,5026,安河内 健,67,12,6.82,3,0.12,1.48.4,3-2-1,9570,43,3-2,2480,12,1-2-3,550,2,2-3,1280,6,,,,,,,
20250915,鳴門,9,予選,晴,南東,2,2,2,2,4324,海 野 康志郎,50,78,6.79,2,0.09,1.50.5,3-2-1,9570,43,3-2,2480,12,1-2-3,550,2,2-3,1280,6,,,,,,,
20250915,鳴門,9,予選,晴,南東,2,2,3,1,4415,下 出 卓 矢,19,55,6.85,1,0.07,1.52.1,3-2-1,9570,43,3-2,2480,12,1-2-3,550,2,2-3,1280,6,,,,,,,
20250915,鳴門,9,予選,晴,南東,2,2,4,4,3743,林 美 憲,59,24,6.88,4,0.09,1.53.5,3-2-1,9570,43,3-2,2480,12,1-2-3,550,2,2-3,1280,6,,,,,,,
20250915,鳴門,9,予選,晴,南東,2,2,5,5,3779,原 田 幸 哉,24,15,6.94,5,0.09,,3-2-1,9570,43,3-2,2480,12,1-2-3,550,2,2-3,1280,6,,,,,,,
20250915,鳴門,9,予選,晴,南東,2,2,6,6,4504,前 田 将 太,36,26,6.84,6,0.11,,3-2-1,9570,43,3-2,2480,12,1-2-3,550,2,2-3,1280,6,,,,,,,
20250915,鳴門,10,予選,晴,無風,0,1,1,1,4166,吉 田 拡 郎,57,54,6.76,1,0.05,1.48.2,1-2-5,2550,11,1-2,450,2,1-2-5,1100,7,1-2,440,3,,,,,,,
20250915,鳴門,10,予選,晴,無風,0,1,2,2,4061,萩 原 秀 人,33,33,6.85,2,0.07,1.50.0,1-2-5,2550,11,1-2,450,2,1-2-5,1100,7,1-2,440,3,,,,,,,
20250915,鳴門,10,予選,晴,無風,0,1,3,5,4933,板 橋 侑 我,34,28,6.82,5,0.09,1.51.0,1-2-5,2550,11,1-2,450,2,1-2-5,1100,7,1-2,440,3,,,,,,,
20250915,鳴門,10,予選,晴,無風,0,1,4,3,4757,山 田 祐 也,78,80,6.87,3,0.08,1.51.6,1-2-5,2550,11,1-2,450,2,1-2-5,1100,7,1-2,440,3,,,,,,,
20250915,鳴門,10,予選,晴,無風,0,1,5,6,3744,徳 増 秀 樹,10,13,6.70,6,0.10,,1-2-5,2550,11,1-2,450,2,1-2-5,1100,7,1-2,440,3,,,,,,,
20250915,鳴門,10,予選,晴,無風,0,1,6,4,4445,宮 地 元 輝,79,34,6.83,4,0.09,,1-2-5,2550,11,1-2,450,2,1-2-5,1100,7,1-2,440,3,,,,,,,
20250915,鳴門,11,予選,晴,南東,3,3,1,1,4371,西 山 貴 浩,12,64,6.83,1,0.09,1.49.3,1-4-2,1830,7,1-4,440,2,1-2-4,730,4,1-4,400,2,,,,,,,
20250915,鳴門,11,予選,晴,南東,3,3,2,4,4886,入 海 馨,73,70,6.79,4,0.10,1.50.8,1-4-2,1830,7,1-4,440,2,1-2-4,730,4,1-4,400,2,,,,,,,
20250915,鳴門,11,予選,晴,南東,3,3,3,2,3978,齊 藤 仁,18,68,6.91,2,0.09,1.51.5,1-4-2,1830,7,1-4,440,2,1-2-4,730,4,1-4,400,2,,,,,,,
20250915,鳴門,11,予選,晴,南東,3,3,4,3,4030,森 高 一 真,25,51,6.84,3,0.10,1.52.8,1-4-2,1830,7,1-4,440,2,1-2-4,730,4,1-4,400,2,,,,,,,
20250915,鳴門,11,予選,晴,南東,3,3,5,6,4019,笠 原 亮,72,72,6.85,6,0.23,,1-4-2,1830,7,1-4,440,2,1-2-4,730,4,1-4,400,2,,,,,,,
20250915,鳴門,11,予選,晴,南東,3,3,6,5,4839,四 宮 与 寛,20,76,6.91,5,0.20,,1-4-2,1830,7,1-4,440,2,1-2-4,730,4,1-4,400,2,,,,,,,
20250915,鳴門,12,予選,晴,東,2,2,1,1,4418,茅 原 悠 紀,13,11,6.77,1,0.14,1.48.5,1-4-6,620,1,1-4,200,1,1-4-6,340,2,1-4,180,1,,,,,,,
20250915,鳴門,12,予選,晴,東,2,2,2,4,3941,池 田 浩 二,58,74,6.84,3,0.17,1.50.0,1-4-6,620,1,1-4,200,1,1-4-6,340,2,1-4,180,1,,,,,,,
20250915,鳴門,12,予選,晴,東,2,2,3,6,3590,濱野谷 憲 吾,27,69,6.88,5,0.18,1.51.3,1-4-6,620,1,1-4,200,1,1-4-6,340,2,1-4,180,1,,,,,,,
20250915,鳴門,12,予選,晴,東,2,2,4,2,4084,杉 山 正 樹,76,65,6.81,2,0.16,1.52.6,1-4-6,620,1,1-4,200,1,1-4-6,340,2,1-4,180,1,,,,,,,
20250915,鳴門,12,予選,晴,東,2,2,5,5,5084,末 永 和 也,35,32,6.84,4,0.15,,1-4-6,620,1,1-4,200,1,1-4-6,340,2,1-4,180,1,,,,,,,
20250915,鳴門,12,予選,晴,東,2,2,K0,3,4188,久 田 敏 之,28,19 K,,,,,1-4-6,620,1,1-4,200,1,1-4-6,340,2,1-4,180,1,,,,,,,
